# Time-averaged data for fix myat4
# TimeStep v_position_piston_right
0 39.182
10000 39.7409
20000 40.094
30000 40.4152
40000 40.7764
50000 41.3078
60000 41.6896
70000 41.9635
80000 42.3019
90000 42.6862
100000 43.0905
110000 43.4207
120000 43.6279
130000 43.7702
140000 44.0722
150000 44.3851
160000 44.5817
170000 44.6932
180000 45.112
190000 45.4999
200000 45.7045
210000 45.9957
220000 46.4077
230000 46.8044
240000 46.9035
250000 47.2575
260000 47.63
270000 47.8374
280000 48.3759
290000 48.5976
300000 48.7173
310000 48.9632
320000 49.0571
330000 49.3119
340000 49.6876
350000 49.797
360000 50.1321
370000 50.1963
380000 50.547
390000 50.7122
400000 51.2475
410000 51.2221
420000 51.4404
430000 51.7275
440000 51.9328
450000 52.173
460000 52.2693
470000 52.3767
480000 52.6354
490000 52.9941
500000 53.4516
510000 53.4235
520000 53.5548
530000 53.7205
540000 53.9027
550000 53.933
560000 53.963
570000 54.2697
580000 54.5325
590000 54.7425
600000 54.8703
610000 55.2193
620000 55.1951
630000 55.3235
640000 55.5745
650000 55.4714
660000 55.6171
670000 55.9632
680000 55.9712
690000 56.0285
700000 56.4857
710000 56.3689
720000 56.2825
730000 56.2392
740000 56.2962
750000 56.3279
760000 56.4164
770000 56.5208
780000 56.6048
790000 56.9339
800000 56.8289
810000 56.8976
820000 56.97
830000 56.8379
840000 56.7884
850000 56.9612
860000 57.3521
870000 57.0763
880000 57.0275
890000 57.0192
900000 57.026
910000 57.1614
920000 57.0246
930000 57.1508
940000 57.2241
950000 57.4073
960000 57.3585
970000 57.1779
980000 57.069
990000 57.5188
1000000 57.6327
1010000 58.1656
1020000 58.0042
1030000 58.1443
1040000 58.2315
1050000 58.3411
1060000 58.7349
1070000 58.7885
1080000 58.8609
1090000 58.6804
1100000 59.0968
1110000 59.1918
1120000 59.0862
1130000 59.2447
1140000 59.3001
1150000 59.4327
1160000 59.5477
1170000 59.6842
1180000 59.7759
1190000 59.9197
1200000 59.7821
1210000 60.0866
1220000 60.2088
1230000 60.4688
1240000 60.2989
1250000 60.5397
1260000 60.5914
1270000 60.9346
1280000 61.0539
1290000 61.2698
1300000 61.325
1310000 61.5316
1320000 60.924
1330000 61.1364
1340000 61.1754
1350000 61.3131
1360000 61.2377
1370000 61.1793
1380000 61.2174
1390000 61.4927
1400000 61.4437
1410000 61.5899
1420000 61.5069
1430000 61.3393
1440000 61.5796
1450000 61.2679
1460000 61.3112
1470000 61.5613
1480000 61.6896
1490000 61.6767
1500000 61.7918
1510000 62.0593
1520000 62.1257
1530000 62.4783
1540000 62.4355
1550000 62.6559
1560000 62.6012
1570000 62.5759
1580000 62.7345
1590000 62.8145
1600000 63.034
1610000 63.1908
1620000 63.1833
1630000 63.304
1640000 63.7464
1650000 63.6675
1660000 63.9101
1670000 64.0058
1680000 64.1315
1690000 64.2352
1700000 64.0809
1710000 64.1122
1720000 63.7201
1730000 64.0428
1740000 63.8892
1750000 63.6618
1760000 63.6674
1770000 63.7065
1780000 63.4917
1790000 63.1408
1800000 63.1826
1810000 63.3
1820000 63.6219
1830000 63.3687
1840000 63.2744
1850000 63.236
1860000 63.5799
1870000 63.6109
1880000 63.9307
1890000 63.8849
1900000 64.258
1910000 64.4102
1920000 64.4745
1930000 64.7317
1940000 64.7158
1950000 65.1505
1960000 65.0655
1970000 65.1308
1980000 64.8927
1990000 64.7678
2000000 64.6881
2010000 64.6691
2020000 64.7113
2030000 64.813
2040000 64.9685
2050000 65.0435
2060000 65.0511
2070000 64.9568
2080000 65.332
2090000 65.4302
2100000 65.1973
2110000 65.1809
2120000 65.2303
2130000 65.6655
2140000 65.6719
2150000 65.5431
2160000 65.5602
2170000 65.3844
2180000 65.4828
2190000 65.4659
2200000 65.3767
2210000 65.3856
2220000 65.2394
2230000 65.0081
2240000 65.2923
2250000 65.4137
2260000 65.5294
2270000 65.5869
2280000 65.493
2290000 65.2617
2300000 65.276
2310000 65.1912
2320000 65.4113
2330000 65.2802
2340000 65.1034
2350000 64.958
2360000 65.0211
2370000 65.0564
2380000 65.3225
2390000 65.3166
2400000 65.5314
2410000 65.6016
2420000 65.625
2430000 65.1302
2440000 65.22
2450000 65.5071
2460000 65.4663
2470000 65.4129
2480000 65.1063
2490000 65.336
2500000 65.0058
2510000 65.2786
2520000 65.1362
2530000 65.0614
2540000 65.2635
2550000 65.2521
2560000 64.9301
2570000 64.4754
2580000 64.2075
2590000 64.2717
2600000 64.687
2610000 64.5961
2620000 64.3159
2630000 64.1589
2640000 64.4769
2650000 64.2736
2660000 64.4858
2670000 64.4665
2680000 64.6311
2690000 64.7834
2700000 64.8687
2710000 64.5578
2720000 64.6118
2730000 64.7778
2740000 64.6195
2750000 64.7751
2760000 64.5723
2770000 64.4366
2780000 64.4712
2790000 64.5478
2800000 64.7268
2810000 64.792
2820000 65.1024
2830000 64.9745
2840000 65.2663
2850000 65.3924
2860000 65.1747
2870000 65.0207
2880000 64.8156
2890000 64.8048
2900000 65.0255
2910000 65.2151
2920000 65.443
2930000 65.0104
2940000 65.0827
2950000 64.9342
2960000 64.7964
2970000 64.4869
2980000 64.9005
2990000 64.8357
3000000 64.8444
3010000 64.9588
3020000 65.0496
3030000 65.5183
3040000 65.7239
3050000 65.9572
3060000 65.9237
3070000 65.8295
3080000 65.6007
3090000 65.5853
3100000 65.7113
3110000 66.1112
3120000 66.1295
3130000 66.0975
3140000 66.2482
3150000 66.3519
3160000 66.1855
3170000 66.0134
3180000 66.2262
3190000 66.2999
3200000 66.3202
3210000 66.2416
3220000 66.2127
3230000 66.2523
3240000 66.1861
3250000 66.0551
3260000 66.2684
3270000 66.065
3280000 66.0487
3290000 65.9733
3300000 66.0977
3310000 66.1711
3320000 65.8542
3330000 66.0071
3340000 66.2261
3350000 66.3161
3360000 66.5721
3370000 66.737
3380000 66.4752
3390000 66.4201
3400000 66.5256
3410000 66.2657
3420000 66.0594
3430000 66.2143
3440000 66.0568
3450000 66.1607
3460000 66.1951
3470000 66.3252
3480000 66.3475
3490000 66.1468
3500000 66.1482
3510000 66.1797
3520000 66.3533
3530000 66.336
3540000 66.6133
3550000 66.2787
3560000 66.1256
3570000 66.277
3580000 66.4436
3590000 66.6498
3600000 66.5795
3610000 66.7043
3620000 66.3327
3630000 66.4626
3640000 66.4551
3650000 66.4024
3660000 66.5044
3670000 66.8062
3680000 66.8361
3690000 66.9597
3700000 66.7139
3710000 66.7972
3720000 67.0082
3730000 67.1493
3740000 67.4311
3750000 67.622
3760000 68.1253
3770000 68.0946
3780000 67.8777
3790000 67.6698
3800000 67.824
3810000 68.0227
3820000 67.8341
3830000 68.0076
3840000 67.8606
3850000 68.0487
3860000 68.1554
3870000 67.773
3880000 67.892
3890000 68.0685
3900000 68.2568
3910000 68.3798
3920000 68.2862
3930000 68.1528
3940000 68.0642
3950000 67.9663
3960000 68.0101
3970000 67.9332
3980000 67.9949
3990000 68.112
4000000 67.8953
