# Time-averaged data for fix rhoAve
# TimeStep v_rho
2000 0.861013
4000 0.911068
6000 0.934405
8000 0.947804
10000 0.957245
12000 0.964471
14000 0.969672
16000 0.972884
18000 0.975668
20000 0.978817
22000 0.980154
24000 0.982894
26000 0.985153
28000 0.98606
30000 0.986973
32000 0.985638
34000 0.984275
36000 0.981784
38000 0.979996
40000 0.9812
42000 0.984011
44000 0.982949
46000 0.982616
48000 0.981752
50000 0.98399
52000 0.985295
54000 0.988354
56000 0.987053
58000 0.985902
60000 0.984244
62000 0.984126
64000 0.986731
66000 0.986654
68000 0.984297
70000 0.98382
72000 0.984764
74000 0.984094
76000 0.983823
78000 0.986098
80000 0.986558
82000 0.98735
84000 0.986232
86000 0.987609
88000 0.984134
90000 0.983592
92000 0.983291
94000 0.984867
96000 0.985034
98000 0.985056
100000 0.98426
102000 0.985711
104000 0.986742
106000 0.988295
108000 0.987087
110000 0.986666
112000 0.986077
114000 0.985175
116000 0.983337
118000 0.985549
120000 0.987534
122000 0.987164
124000 0.985894
126000 0.985222
128000 0.982327
130000 0.979895
132000 0.981049
134000 0.982538
136000 0.982667
138000 0.985058
140000 0.985423
142000 0.984639
144000 0.982842
146000 0.983599
148000 0.981915
150000 0.981693
152000 0.981454
154000 0.982036
156000 0.981765
158000 0.981922
160000 0.984983
162000 0.986399
164000 0.980988
166000 0.980657
168000 0.983103
170000 0.984086
172000 0.981462
174000 0.980161
176000 0.982071
178000 0.985182
180000 0.983373
182000 0.984387
184000 0.979916
186000 0.978848
188000 0.981963
190000 0.982342
192000 0.982477
194000 0.983572
196000 0.983147
198000 0.981432
200000 0.98249
202000 0.979253
204000 0.978054
206000 0.977445
208000 0.980815
210000 0.982146
212000 0.979519
214000 0.977716
216000 0.977457
218000 0.977133
220000 0.977304
222000 0.97802
224000 0.978403
226000 0.979173
228000 0.980621
230000 0.979965
232000 0.976943
234000 0.976065
236000 0.976573
238000 0.975299
240000 0.975541
242000 0.975917
244000 0.977533
246000 0.979207
248000 0.977085
250000 0.974723
252000 0.975837
254000 0.976416
256000 0.976904
258000 0.977414
260000 0.977686
262000 0.977703
264000 0.978431
266000 0.979076
268000 0.982361
270000 0.982254
272000 0.983842
274000 0.984617
276000 0.985637
278000 0.983523
280000 0.982682
282000 0.983158
284000 0.982498
286000 0.98423
288000 0.984911
290000 0.986306
292000 0.981722
294000 0.980116
296000 0.980267
298000 0.981024
300000 0.978894
302000 0.980636
304000 0.981716
306000 0.980775
308000 0.984176
310000 0.983632
312000 0.983084
314000 0.981543
316000 0.983247
318000 0.982772
320000 0.98277
322000 0.982155
324000 0.983253
326000 0.981974
328000 0.981709
330000 0.979967
332000 0.980153
334000 0.984671
336000 0.986354
338000 0.987356
340000 0.989004
342000 0.98653
344000 0.987102
346000 0.984616
348000 0.981218
350000 0.98138
352000 0.982548
354000 0.986009
356000 0.986636
358000 0.986013
360000 0.986166
362000 0.98596
364000 0.985373
366000 0.985112
368000 0.984187
370000 0.983961
372000 0.985865
374000 0.987772
376000 0.987659
378000 0.984825
380000 0.983331
382000 0.981867
384000 0.98009
386000 0.981646
388000 0.981371
390000 0.97825
392000 0.976597
394000 0.976753
396000 0.979437
398000 0.981506
400000 0.979074
402000 0.977545
404000 0.978385
406000 0.976884
408000 0.976409
410000 0.974501
412000 0.977237
414000 0.978022
416000 0.978368
418000 0.979232
420000 0.980301
422000 0.98182
424000 0.981032
426000 0.980326
428000 0.977016
430000 0.975455
432000 0.978499
434000 0.979317
436000 0.977646
438000 0.976934
440000 0.975173
442000 0.976364
444000 0.977778
446000 0.9791
448000 0.980012
450000 0.981652
452000 0.981444
454000 0.981849
456000 0.980782
458000 0.980714
460000 0.981519
462000 0.979771
464000 0.978515
466000 0.979177
468000 0.980309
470000 0.979886
472000 0.982014
474000 0.981139
476000 0.982976
478000 0.984568
480000 0.982949
482000 0.98335
484000 0.98541
486000 0.98619
488000 0.985672
490000 0.983546
492000 0.980929
494000 0.982094
496000 0.982202
498000 0.983053
500000 0.982668
502000 0.982529
504000 0.981744
506000 0.984651
508000 0.982381
510000 0.982018
512000 0.982388
514000 0.982441
516000 0.984116
518000 0.982676
520000 0.982315
522000 0.981975
524000 0.983514
526000 0.981136
528000 0.983391
530000 0.984791
532000 0.982434
534000 0.980592
536000 0.981704
538000 0.985704
540000 0.987281
542000 0.986558
544000 0.98682
546000 0.986456
548000 0.986533
550000 0.988205
552000 0.988029
554000 0.98757
556000 0.985368
558000 0.986033
560000 0.985746
562000 0.984974
564000 0.986855
566000 0.985942
568000 0.984543
570000 0.987254
572000 0.988796
574000 0.987795
576000 0.986986
578000 0.987524
580000 0.983995
582000 0.982476
584000 0.980829
586000 0.980947
588000 0.978722
590000 0.977954
592000 0.976915
594000 0.981625
596000 0.98185
598000 0.978696
600000 0.975177
602000 0.97253
604000 0.974774
606000 0.977227
608000 0.976022
610000 0.975848
612000 0.974518
614000 0.975296
616000 0.975785
618000 0.974691
620000 0.976205
622000 0.976505
624000 0.977379
626000 0.980916
628000 0.981576
630000 0.982785
632000 0.982819
634000 0.981559
636000 0.980472
638000 0.978694
640000 0.981387
642000 0.982948
644000 0.982062
646000 0.983035
648000 0.9839
650000 0.98266
652000 0.983272
654000 0.984752
656000 0.984994
658000 0.984102
660000 0.984235
662000 0.985633
664000 0.986299
666000 0.986053
668000 0.986319
670000 0.985024
672000 0.983849
674000 0.98435
676000 0.982374
678000 0.982095
680000 0.979665
682000 0.978579
684000 0.976621
686000 0.97379
688000 0.975166
690000 0.976119
692000 0.975139
694000 0.976413
696000 0.975999
698000 0.97575
700000 0.975702
702000 0.976135
704000 0.977507
706000 0.979787
708000 0.983139
710000 0.983987
712000 0.983759
714000 0.987076
716000 0.987626
718000 0.98342
720000 0.980085
722000 0.980773
724000 0.98033
726000 0.982211
728000 0.98284
730000 0.982362
732000 0.981208
734000 0.980634
736000 0.982352
738000 0.982172
740000 0.982831
742000 0.981377
744000 0.98074
746000 0.981203
748000 0.980281
750000 0.978984
752000 0.980546
754000 0.981547
756000 0.983514
758000 0.984245
760000 0.983092
762000 0.982252
764000 0.984162
766000 0.983248
768000 0.983565
770000 0.98368
772000 0.982784
774000 0.982254
776000 0.981864
778000 0.982678
780000 0.9832
782000 0.987036
784000 0.986688
786000 0.98851
788000 0.989776
790000 0.990543
792000 0.989683
794000 0.990661
796000 0.987046
798000 0.986226
800000 0.987853
802000 0.988034
804000 0.989339
806000 0.989209
808000 0.987326
810000 0.982787
812000 0.980242
814000 0.98125
816000 0.984119
818000 0.982299
820000 0.981718
822000 0.981045
824000 0.981193
826000 0.980893
828000 0.978862
830000 0.978662
832000 0.980632
834000 0.980997
836000 0.98433
838000 0.983263
840000 0.980202
842000 0.981053
844000 0.983185
846000 0.985515
848000 0.984537
850000 0.984033
852000 0.981525
854000 0.981122
856000 0.980586
858000 0.978845
860000 0.977331
862000 0.976704
864000 0.977451
866000 0.97773
868000 0.978012
870000 0.979116
872000 0.980846
874000 0.986597
876000 0.986554
878000 0.988272
880000 0.987961
882000 0.988178
884000 0.989318
886000 0.989644
888000 0.98883
890000 0.989409
892000 0.990702
894000 0.988539
896000 0.987093
898000 0.989904
900000 0.993155
902000 0.991409
904000 0.993519
906000 0.99231
908000 0.993152
910000 0.994683
912000 0.99054
914000 0.988673
916000 0.988853
918000 0.987788
920000 0.986545
922000 0.98622
924000 0.987507
926000 0.98612
928000 0.983071
930000 0.979568
932000 0.980541
934000 0.983059
936000 0.982025
938000 0.980535
940000 0.978812
942000 0.980678
944000 0.978515
946000 0.978492
948000 0.97854
950000 0.977591
952000 0.980568
954000 0.980972
956000 0.979088
958000 0.97943
960000 0.981375
962000 0.981962
964000 0.982324
966000 0.984842
968000 0.986429
970000 0.985513
972000 0.987142
974000 0.986456
976000 0.985494
978000 0.984529
980000 0.981628
982000 0.978931
984000 0.977105
986000 0.977963
988000 0.979714
990000 0.982208
992000 0.983821
994000 0.983479
996000 0.984972
998000 0.98505
1000000 0.982873
1002000 0.981232
1004000 0.982531
1006000 0.98258
1008000 0.983369
1010000 0.982552
1012000 0.979854
1014000 0.979374
1016000 0.983488
1018000 0.98086
1020000 0.981893
1022000 0.983935
1024000 0.981026
1026000 0.980538
1028000 0.980123
1030000 0.978708
1032000 0.976663
1034000 0.978682
1036000 0.98051
1038000 0.980353
1040000 0.978324
1042000 0.979209
1044000 0.979991
1046000 0.980255
1048000 0.980031
1050000 0.980473
1052000 0.98028
1054000 0.980701
1056000 0.980134
1058000 0.982551
1060000 0.983699
1062000 0.984104
1064000 0.981654
1066000 0.983361
1068000 0.984916
1070000 0.986307
1072000 0.983528
1074000 0.983397
1076000 0.983943
1078000 0.980189
1080000 0.977788
1082000 0.983309
1084000 0.984303
1086000 0.983473
1088000 0.982881
1090000 0.981498
1092000 0.982631
1094000 0.981367
1096000 0.982256
1098000 0.982587
1100000 0.983138
1102000 0.984509
1104000 0.984314
1106000 0.986025
1108000 0.98686
1110000 0.98527
1112000 0.983409
1114000 0.98243
1116000 0.985468
1118000 0.98496
1120000 0.984714
1122000 0.985675
1124000 0.984352
1126000 0.980657
1128000 0.980808
1130000 0.983061
1132000 0.983074
1134000 0.986813
1136000 0.986785
1138000 0.984159
1140000 0.982141
1142000 0.981388
1144000 0.98157
1146000 0.982885
1148000 0.981956
1150000 0.980914
1152000 0.981129
1154000 0.981728
1156000 0.980879
1158000 0.98061
1160000 0.979308
1162000 0.979194
1164000 0.977312
1166000 0.978902
1168000 0.980783
1170000 0.979156
1172000 0.979954
1174000 0.980677
1176000 0.981616
1178000 0.982973
1180000 0.984265
1182000 0.982979
1184000 0.981635
1186000 0.978438
1188000 0.977732
1190000 0.980591
1192000 0.982812
1194000 0.983297
1196000 0.984906
1198000 0.986733
1200000 0.987666
1202000 0.986231
1204000 0.98226
1206000 0.9817
1208000 0.978415
1210000 0.978343
1212000 0.978489
1214000 0.979894
1216000 0.980977
1218000 0.983469
1220000 0.97911
1222000 0.977982
1224000 0.977659
1226000 0.978159
1228000 0.977358
1230000 0.977462
1232000 0.980212
1234000 0.981353
1236000 0.983151
1238000 0.982237
1240000 0.983905
1242000 0.984505
1244000 0.982805
1246000 0.98285
1248000 0.983418
1250000 0.98362
1252000 0.984247
1254000 0.983073
1256000 0.984903
1258000 0.985185
1260000 0.983287
1262000 0.984651
1264000 0.9832
1266000 0.983429
1268000 0.984607
1270000 0.981773
1272000 0.980072
1274000 0.982495
1276000 0.983686
1278000 0.983267
1280000 0.986792
1282000 0.985769
1284000 0.985531
1286000 0.984272
1288000 0.984112
1290000 0.984909
1292000 0.985954
1294000 0.985053
1296000 0.984568
1298000 0.985581
1300000 0.986224
1302000 0.988577
1304000 0.986305
1306000 0.983005
1308000 0.981327
1310000 0.981345
1312000 0.980095
1314000 0.980383
1316000 0.979755
1318000 0.977311
1320000 0.978538
1322000 0.977767
1324000 0.978295
1326000 0.981393
1328000 0.981934
1330000 0.983842
1332000 0.983286
1334000 0.982386
1336000 0.98217
1338000 0.981432
1340000 0.982683
1342000 0.982834
1344000 0.982294
1346000 0.980113
1348000 0.97803
1350000 0.97886
1352000 0.981542
1354000 0.982097
1356000 0.980169
1358000 0.980087
1360000 0.977683
1362000 0.976448
1364000 0.975773
1366000 0.97569
1368000 0.979001
1370000 0.980002
1372000 0.980218
1374000 0.98043
1376000 0.97844
1378000 0.980287
1380000 0.978631
1382000 0.981439
1384000 0.981926
1386000 0.980848
1388000 0.980546
1390000 0.978672
1392000 0.977946
1394000 0.979533
1396000 0.979037
1398000 0.981646
1400000 0.983241
1402000 0.981934
1404000 0.982455
1406000 0.981581
1408000 0.981881
1410000 0.983297
1412000 0.982157
1414000 0.980815
1416000 0.978106
1418000 0.977156
1420000 0.978142
1422000 0.979201
1424000 0.977119
1426000 0.97556
1428000 0.974529
1430000 0.975702
1432000 0.976655
1434000 0.977182
1436000 0.980643
1438000 0.983089
1440000 0.986385
1442000 0.985523
1444000 0.985034
1446000 0.984761
1448000 0.983739
1450000 0.981817
1452000 0.985948
1454000 0.985313
1456000 0.983241
1458000 0.984351
1460000 0.984179
1462000 0.982527
1464000 0.980951
1466000 0.979325
1468000 0.97698
1470000 0.975125
1472000 0.975929
1474000 0.97857
1476000 0.97562
1478000 0.975179
1480000 0.976532
1482000 0.977541
1484000 0.978268
1486000 0.980071
1488000 0.981737
1490000 0.983375
1492000 0.983004
1494000 0.982365
1496000 0.980459
1498000 0.979354
1500000 0.980854
1502000 0.97952
1504000 0.978985
1506000 0.980516
1508000 0.980443
1510000 0.97892
1512000 0.980704
1514000 0.98165
1516000 0.983719
1518000 0.984783
1520000 0.984506
1522000 0.983653
1524000 0.983276
1526000 0.983082
1528000 0.983026
1530000 0.982433
1532000 0.9804
1534000 0.978152
1536000 0.975922
1538000 0.974985
1540000 0.976912
1542000 0.977416
1544000 0.979474
1546000 0.97947
1548000 0.98103
1550000 0.982141
1552000 0.980881
1554000 0.981083
1556000 0.984367
1558000 0.984086
1560000 0.983534
1562000 0.981507
1564000 0.981029
1566000 0.980444
1568000 0.981831
1570000 0.98158
1572000 0.985165
1574000 0.988653
1576000 0.988805
1578000 0.986923
1580000 0.986856
1582000 0.987366
1584000 0.986762
1586000 0.98508
1588000 0.98563
1590000 0.985493
1592000 0.983586
1594000 0.980043
1596000 0.977386
1598000 0.976049
1600000 0.976701
1602000 0.97835
1604000 0.978792
1606000 0.980056
1608000 0.980519
1610000 0.979516
1612000 0.97816
1614000 0.977579
1616000 0.977339
1618000 0.976621
1620000 0.977827
1622000 0.977023
1624000 0.977211
1626000 0.976615
1628000 0.977352
1630000 0.978597
1632000 0.978352
1634000 0.978342
1636000 0.977789
1638000 0.978297
1640000 0.97703
1642000 0.974919
1644000 0.975652
1646000 0.977181
1648000 0.978888
1650000 0.981589
1652000 0.983946
1654000 0.983546
1656000 0.982415
1658000 0.985066
1660000 0.98223
1662000 0.97866
1664000 0.979015
1666000 0.981289
1668000 0.981758
1670000 0.978508
1672000 0.980249
1674000 0.978806
1676000 0.977766
1678000 0.975899
1680000 0.975582
1682000 0.973348
1684000 0.97383
1686000 0.976618
1688000 0.981277
1690000 0.980631
1692000 0.98206
1694000 0.982653
1696000 0.982616
1698000 0.982564
1700000 0.982974
1702000 0.984777
1704000 0.984579
1706000 0.985189
1708000 0.980636
1710000 0.977983
1712000 0.979093
1714000 0.979583
1716000 0.979374
1718000 0.980407
1720000 0.982898
1722000 0.984853
1724000 0.984836
1726000 0.984463
1728000 0.984183
1730000 0.983586
1732000 0.98216
1734000 0.982106
1736000 0.98205
1738000 0.98086
1740000 0.98325
1742000 0.985413
1744000 0.984685
1746000 0.984278
1748000 0.985271
1750000 0.984084
1752000 0.983151
1754000 0.980128
1756000 0.978386
1758000 0.980829
1760000 0.98234
1762000 0.98193
1764000 0.98026
1766000 0.977506
1768000 0.97992
1770000 0.979159
1772000 0.978562
1774000 0.978551
1776000 0.979653
1778000 0.978145
1780000 0.976993
1782000 0.975706
1784000 0.978051
1786000 0.980786
1788000 0.980623
1790000 0.983058
1792000 0.984325
1794000 0.983482
1796000 0.984929
1798000 0.981233
1800000 0.978206
1802000 0.977913
1804000 0.977609
1806000 0.979521
1808000 0.978387
1810000 0.98215
1812000 0.986113
1814000 0.988096
1816000 0.989161
1818000 0.988393
1820000 0.986215
1822000 0.987949
1824000 0.991264
1826000 0.99041
1828000 0.989921
1830000 0.987076
1832000 0.988873
1834000 0.989072
1836000 0.988815
1838000 0.987777
1840000 0.987444
1842000 0.988433
1844000 0.987947
1846000 0.986513
1848000 0.987283
1850000 0.985777
1852000 0.982048
1854000 0.980988
1856000 0.980701
1858000 0.979925
1860000 0.979361
1862000 0.981171
1864000 0.982179
1866000 0.983844
1868000 0.983556
1870000 0.981983
1872000 0.983278
1874000 0.985668
1876000 0.9874
1878000 0.991393
1880000 0.990379
1882000 0.987691
1884000 0.988062
1886000 0.986589
1888000 0.983906
1890000 0.983625
1892000 0.981139
1894000 0.982228
1896000 0.980717
1898000 0.983819
1900000 0.985601
1902000 0.984854
1904000 0.984044
1906000 0.982484
1908000 0.982581
1910000 0.982542
1912000 0.981838
1914000 0.981347
1916000 0.979696
1918000 0.979678
1920000 0.98279
1922000 0.982283
1924000 0.982071
1926000 0.980308
1928000 0.982067
1930000 0.981709
1932000 0.982215
1934000 0.981307
1936000 0.977512
1938000 0.975856
1940000 0.974838
1942000 0.976828
1944000 0.979256
1946000 0.981458
1948000 0.980572
1950000 0.97869
1952000 0.980057
1954000 0.983508
1956000 0.984448
1958000 0.985
1960000 0.981975
1962000 0.979068
1964000 0.981056
1966000 0.980997
1968000 0.983319
1970000 0.983155
1972000 0.984227
1974000 0.982659
1976000 0.982468
1978000 0.982983
1980000 0.981866
1982000 0.978844
1984000 0.976576
1986000 0.977532
1988000 0.978622
1990000 0.980915
1992000 0.982245
1994000 0.983892
1996000 0.985914
1998000 0.985117
2000000 0.984574
2002000 0.983393
2004000 0.982793
2006000 0.984664
2008000 0.985511
2010000 0.986286
2012000 0.984432
2014000 0.984589
2016000 0.984334
2018000 0.982147
2020000 0.983361
2022000 0.981885
2024000 0.982256
2026000 0.980643
2028000 0.978418
2030000 0.975449
2032000 0.977351
2034000 0.978757
2036000 0.978432
2038000 0.979045
2040000 0.980435
2042000 0.980587
2044000 0.978697
2046000 0.980284
2048000 0.98113
2050000 0.98193
2052000 0.978668
2054000 0.980053
2056000 0.981274
2058000 0.98208
2060000 0.982789
2062000 0.981769
2064000 0.981084
2066000 0.980762
2068000 0.981372
2070000 0.98328
2072000 0.984847
2074000 0.982453
2076000 0.980289
2078000 0.981568
2080000 0.983411
2082000 0.981637
2084000 0.981657
2086000 0.982049
2088000 0.983412
2090000 0.983148
2092000 0.981546
2094000 0.98363
2096000 0.981323
2098000 0.980725
2100000 0.979405
2102000 0.977649
2104000 0.978041
2106000 0.981241
2108000 0.983062
2110000 0.980913
2112000 0.982706
2114000 0.985371
2116000 0.986125
2118000 0.984618
2120000 0.983595
2122000 0.985934
2124000 0.986028
2126000 0.983156
2128000 0.98194
2130000 0.983875
2132000 0.98596
2134000 0.983904
2136000 0.983555
2138000 0.984785
2140000 0.982873
2142000 0.982648
2144000 0.985924
2146000 0.98888
2148000 0.987752
2150000 0.988204
2152000 0.987857
2154000 0.987076
2156000 0.987638
2158000 0.985779
2160000 0.985826
2162000 0.986112
2164000 0.983951
2166000 0.984452
2168000 0.98415
2170000 0.982569
2172000 0.981839
2174000 0.98005
2176000 0.980354
2178000 0.981858
2180000 0.981921
2182000 0.982434
2184000 0.983403
2186000 0.982792
2188000 0.985757
2190000 0.983721
2192000 0.983632
2194000 0.982761
2196000 0.982635
2198000 0.980143
2200000 0.979689
2202000 0.979996
2204000 0.977425
2206000 0.976118
2208000 0.974228
2210000 0.972642
2212000 0.971807
2214000 0.974962
2216000 0.977636
2218000 0.977802
2220000 0.975358
2222000 0.974921
2224000 0.973805
2226000 0.975486
2228000 0.97864
2230000 0.978883
2232000 0.976678
2234000 0.97498
2236000 0.975813
2238000 0.976343
2240000 0.974461
2242000 0.975997
2244000 0.978005
2246000 0.976698
2248000 0.978134
2250000 0.976526
2252000 0.977019
2254000 0.977036
2256000 0.978976
2258000 0.979455
2260000 0.978226
2262000 0.981169
2264000 0.98256
2266000 0.979865
2268000 0.979375
2270000 0.979299
2272000 0.980908
2274000 0.981064
2276000 0.981796
2278000 0.981541
2280000 0.981037
2282000 0.979863
2284000 0.978401
2286000 0.980665
2288000 0.981851
2290000 0.981292
2292000 0.98107
2294000 0.97939
2296000 0.979202
2298000 0.976853
2300000 0.975333
2302000 0.974774
2304000 0.97376
2306000 0.970514
2308000 0.972843
2310000 0.973057
2312000 0.97421
2314000 0.977797
2316000 0.978528
2318000 0.980425
2320000 0.981672
2322000 0.979794
2324000 0.977604
2326000 0.97812
2328000 0.977432
2330000 0.979225
2332000 0.980686
2334000 0.980799
2336000 0.980172
2338000 0.978892
2340000 0.980306
2342000 0.979936
2344000 0.979151
2346000 0.978962
2348000 0.978455
2350000 0.979724
2352000 0.978513
2354000 0.979678
2356000 0.977911
2358000 0.982362
2360000 0.981436
2362000 0.984567
2364000 0.982816
2366000 0.982114
2368000 0.982989
2370000 0.982248
2372000 0.98282
2374000 0.980628
2376000 0.980361
2378000 0.981714
2380000 0.982083
2382000 0.981867
2384000 0.983901
2386000 0.986657
2388000 0.985612
2390000 0.982045
2392000 0.981904
2394000 0.980987
2396000 0.979763
2398000 0.97936
2400000 0.980918
2402000 0.981337
2404000 0.983838
2406000 0.985589
2408000 0.986273
2410000 0.988163
2412000 0.988586
2414000 0.986348
2416000 0.988418
2418000 0.98725
2420000 0.985458
2422000 0.984958
2424000 0.983713
2426000 0.984919
2428000 0.98389
2430000 0.982953
2432000 0.986608
2434000 0.991037
2436000 0.991531
2438000 0.992585
2440000 0.992777
2442000 0.990648
2444000 0.988925
2446000 0.989355
2448000 0.989616
2450000 0.991822
2452000 0.991817
2454000 0.991261
2456000 0.990513
2458000 0.985984
2460000 0.983789
2462000 0.984977
2464000 0.984904
2466000 0.984425
2468000 0.984722
2470000 0.982385
2472000 0.982369
2474000 0.981028
2476000 0.982293
2478000 0.983843
2480000 0.985722
2482000 0.98694
2484000 0.9861
2486000 0.985252
2488000 0.985324
2490000 0.984828
2492000 0.985734
2494000 0.985704
2496000 0.986236
2498000 0.983401
2500000 0.982166
2502000 0.980733
2504000 0.982189
2506000 0.981811
2508000 0.977987
2510000 0.977907
2512000 0.981609
2514000 0.981775
2516000 0.980834
2518000 0.981982
2520000 0.981756
2522000 0.98296
2524000 0.983326
2526000 0.985582
2528000 0.985786
2530000 0.985517
2532000 0.984725
2534000 0.982136
2536000 0.982268
2538000 0.984218
2540000 0.985324
2542000 0.985931
2544000 0.987487
2546000 0.987867
2548000 0.987204
2550000 0.986458
2552000 0.986695
2554000 0.986829
2556000 0.984417
2558000 0.985351
2560000 0.987946
2562000 0.983771
2564000 0.985436
2566000 0.981993
2568000 0.981601
2570000 0.9828
2572000 0.982208
2574000 0.982942
2576000 0.982565
2578000 0.983346
2580000 0.983918
2582000 0.983227
2584000 0.981757
2586000 0.980074
2588000 0.979647
2590000 0.979364
2592000 0.979097
2594000 0.980863
2596000 0.983542
2598000 0.98518
2600000 0.985851
2602000 0.98697
2604000 0.985511
2606000 0.985245
2608000 0.984973
2610000 0.982556
2612000 0.980444
2614000 0.983068
2616000 0.98316
2618000 0.982569
2620000 0.985503
2622000 0.986327
2624000 0.985044
2626000 0.984394
2628000 0.980421
2630000 0.978829
2632000 0.979928
2634000 0.981347
2636000 0.981897
2638000 0.983163
2640000 0.982769
2642000 0.981205
2644000 0.980689
2646000 0.983035
2648000 0.986748
2650000 0.988845
2652000 0.992299
2654000 0.989518
2656000 0.990789
2658000 0.992611
2660000 0.990819
2662000 0.98888
2664000 0.987672
2666000 0.985045
2668000 0.982726
2670000 0.982745
2672000 0.983983
2674000 0.980973
2676000 0.979979
2678000 0.979565
2680000 0.976847
2682000 0.977373
2684000 0.978525
2686000 0.979316
2688000 0.97967
2690000 0.979242
2692000 0.978435
2694000 0.978126
2696000 0.977072
2698000 0.977581
2700000 0.976336
2702000 0.974794
2704000 0.975673
2706000 0.976826
2708000 0.975291
2710000 0.975264
2712000 0.975855
2714000 0.975774
2716000 0.975426
2718000 0.974993
2720000 0.976208
2722000 0.976549
2724000 0.979774
2726000 0.98192
2728000 0.982675
2730000 0.982825
2732000 0.984751
2734000 0.983263
2736000 0.979119
2738000 0.980125
2740000 0.982384
2742000 0.981921
2744000 0.979772
2746000 0.981652
2748000 0.982955
2750000 0.980662
2752000 0.980366
2754000 0.980286
2756000 0.981582
2758000 0.983506
2760000 0.985157
2762000 0.984088
2764000 0.983242
2766000 0.983337
2768000 0.98421
2770000 0.984694
2772000 0.985138
2774000 0.98479
2776000 0.983784
2778000 0.98392
2780000 0.985329
2782000 0.986323
2784000 0.984821
2786000 0.984929
2788000 0.986041
2790000 0.985204
2792000 0.985249
2794000 0.984291
2796000 0.981092
2798000 0.980258
2800000 0.981781
2802000 0.981668
2804000 0.980673
2806000 0.980788
2808000 0.977251
2810000 0.974897
2812000 0.974863
2814000 0.97503
2816000 0.976072
2818000 0.9764
2820000 0.978028
2822000 0.983213
2824000 0.982608
2826000 0.982966
2828000 0.980834
2830000 0.980926
2832000 0.981097
2834000 0.980406
2836000 0.980591
2838000 0.978904
2840000 0.977133
2842000 0.975927
2844000 0.976886
2846000 0.976575
2848000 0.97386
2850000 0.973492
2852000 0.975127
2854000 0.976773
2856000 0.980892
2858000 0.98165
2860000 0.978288
2862000 0.978851
2864000 0.977836
2866000 0.976241
2868000 0.977836
2870000 0.978333
2872000 0.977834
2874000 0.978385
2876000 0.977946
2878000 0.978959
2880000 0.978684
2882000 0.978499
2884000 0.980159
2886000 0.981207
2888000 0.979482
2890000 0.982428
2892000 0.98438
2894000 0.984755
2896000 0.983279
2898000 0.98279
2900000 0.982962
2902000 0.98245
2904000 0.982631
2906000 0.98146
2908000 0.98094
2910000 0.979078
2912000 0.976695
2914000 0.977017
2916000 0.977243
2918000 0.978088
2920000 0.981249
2922000 0.979311
2924000 0.978505
2926000 0.980001
2928000 0.978797
2930000 0.98112
2932000 0.978968
2934000 0.976799
2936000 0.976746
2938000 0.977367
2940000 0.975956
2942000 0.978295
2944000 0.980104
2946000 0.980532
2948000 0.979546
2950000 0.980184
2952000 0.981218
2954000 0.979486
2956000 0.980134
2958000 0.979267
2960000 0.979229
2962000 0.979589
2964000 0.978647
2966000 0.979007
2968000 0.978517
2970000 0.978219
2972000 0.978063
2974000 0.978277
2976000 0.97816
2978000 0.978722
2980000 0.979512
2982000 0.981197
2984000 0.984002
2986000 0.985526
2988000 0.981617
2990000 0.980689
2992000 0.979333
2994000 0.980189
2996000 0.982037
2998000 0.983113
3000000 0.985067
3002000 0.986674
3004000 0.98812
3006000 0.987891
3008000 0.98697
3010000 0.986917
3012000 0.986706
3014000 0.986136
3016000 0.986613
3018000 0.987357
3020000 0.989305
3022000 0.987493
3024000 0.987728
3026000 0.984914
3028000 0.98476
3030000 0.982376
3032000 0.979651
3034000 0.980601
3036000 0.981539
3038000 0.981391
3040000 0.981312
3042000 0.981111
3044000 0.981019
3046000 0.980924
3048000 0.982701
3050000 0.981016
3052000 0.978351
3054000 0.978438
3056000 0.979874
3058000 0.980658
3060000 0.979982
3062000 0.980211
3064000 0.98288
3066000 0.985473
3068000 0.986401
3070000 0.985137
3072000 0.984296
3074000 0.983528
3076000 0.982812
3078000 0.980003
3080000 0.981824
3082000 0.983711
3084000 0.981431
3086000 0.981447
3088000 0.981252
3090000 0.983102
3092000 0.984402
3094000 0.984154
3096000 0.984992
3098000 0.985486
3100000 0.986254
3102000 0.988365
3104000 0.987123
3106000 0.987238
3108000 0.988181
3110000 0.985765
3112000 0.98645
3114000 0.98528
3116000 0.983504
3118000 0.985797
3120000 0.988074
3122000 0.986882
3124000 0.986318
3126000 0.987296
3128000 0.986569
3130000 0.984808
3132000 0.984701
3134000 0.988471
3136000 0.988474
3138000 0.986622
3140000 0.986031
3142000 0.988158
3144000 0.98644
3146000 0.981789
3148000 0.979717
3150000 0.981156
3152000 0.983282
3154000 0.98412
3156000 0.986181
3158000 0.984487
3160000 0.985687
3162000 0.986016
3164000 0.986165
3166000 0.984386
3168000 0.980656
3170000 0.980141
3172000 0.980781
3174000 0.979546
3176000 0.979469
3178000 0.980468
3180000 0.979203
3182000 0.97986
3184000 0.98109
3186000 0.980304
3188000 0.979797
3190000 0.979633
3192000 0.981532
3194000 0.982008
3196000 0.980322
3198000 0.981813
3200000 0.982731
3202000 0.983693
3204000 0.98431
3206000 0.982236
3208000 0.979669
3210000 0.981818
3212000 0.983091
3214000 0.983839
3216000 0.982686
3218000 0.982238
3220000 0.982813
3222000 0.983241
3224000 0.983284
3226000 0.981405
3228000 0.980116
3230000 0.979563
3232000 0.97978
3234000 0.98291
3236000 0.981843
3238000 0.979678
3240000 0.979556
3242000 0.978737
3244000 0.980551
3246000 0.980937
3248000 0.979816
3250000 0.979249
3252000 0.979898
3254000 0.979156
3256000 0.978019
3258000 0.978271
3260000 0.977298
3262000 0.978164
3264000 0.976622
3266000 0.978272
3268000 0.979513
3270000 0.981857
3272000 0.981753
3274000 0.981942
3276000 0.980981
3278000 0.980308
3280000 0.980247
3282000 0.982459
3284000 0.980787
3286000 0.978025
3288000 0.978529
3290000 0.979922
3292000 0.978995
3294000 0.978373
3296000 0.980123
3298000 0.980478
3300000 0.981034
3302000 0.980049
3304000 0.980048
3306000 0.979435
3308000 0.980675
3310000 0.979945
3312000 0.982071
3314000 0.980826
3316000 0.981819
3318000 0.982915
3320000 0.984382
3322000 0.983867
3324000 0.986621
3326000 0.98589
3328000 0.982526
3330000 0.980036
3332000 0.983002
3334000 0.984002
3336000 0.984335
3338000 0.985628
3340000 0.984797
3342000 0.982599
3344000 0.981194
3346000 0.980124
3348000 0.980259
3350000 0.979741
3352000 0.982805
3354000 0.982037
3356000 0.981116
3358000 0.979281
3360000 0.981506
3362000 0.979592
3364000 0.980037
3366000 0.978294
3368000 0.977301
3370000 0.97566
3372000 0.974484
3374000 0.974063
3376000 0.975681
3378000 0.976162
3380000 0.978146
3382000 0.980133
3384000 0.982725
3386000 0.982617
3388000 0.981952
3390000 0.983888
3392000 0.98269
3394000 0.978643
3396000 0.979035
3398000 0.976688
3400000 0.975194
3402000 0.976428
3404000 0.977034
3406000 0.978769
3408000 0.979214
3410000 0.977177
3412000 0.978713
3414000 0.980635
3416000 0.982428
3418000 0.981541
3420000 0.984326
3422000 0.985305
3424000 0.984363
3426000 0.984353
3428000 0.984781
3430000 0.985321
3432000 0.988294
3434000 0.988931
3436000 0.989083
3438000 0.988404
3440000 0.985153
3442000 0.982836
3444000 0.982875
3446000 0.986023
3448000 0.987964
3450000 0.988576
3452000 0.988153
3454000 0.988117
3456000 0.988145
3458000 0.986014
3460000 0.985881
3462000 0.985245
3464000 0.982122
3466000 0.983713
3468000 0.981169
3470000 0.979389
3472000 0.977326
3474000 0.978308
3476000 0.976556
3478000 0.974246
3480000 0.97707
3482000 0.979524
3484000 0.980172
3486000 0.981101
3488000 0.979616
3490000 0.981487
3492000 0.981383
3494000 0.98193
3496000 0.984748
3498000 0.985081
3500000 0.983156
3502000 0.98611
3504000 0.987342
3506000 0.990145
3508000 0.986266
3510000 0.987505
3512000 0.990267
3514000 0.990462
3516000 0.990315
3518000 0.985874
3520000 0.982046
3522000 0.981583
3524000 0.982704
3526000 0.982295
3528000 0.982179
3530000 0.984319
3532000 0.986984
3534000 0.989908
3536000 0.988588
3538000 0.989512
3540000 0.991436
3542000 0.989831
3544000 0.989706
3546000 0.988118
3548000 0.983074
3550000 0.980208
3552000 0.983082
3554000 0.984796
3556000 0.981714
3558000 0.980833
3560000 0.980491
3562000 0.977012
3564000 0.976679
3566000 0.977402
3568000 0.979309
3570000 0.980495
3572000 0.982738
3574000 0.981686
3576000 0.982495
3578000 0.981996
3580000 0.982002
3582000 0.983727
3584000 0.982768
3586000 0.978923
3588000 0.978373
3590000 0.978418
3592000 0.979019
3594000 0.980839
3596000 0.982343
3598000 0.980673
3600000 0.979401
3602000 0.981757
3604000 0.982114
3606000 0.979991
3608000 0.978658
3610000 0.976604
3612000 0.976965
3614000 0.979198
3616000 0.979384
3618000 0.981452
3620000 0.980262
3622000 0.980547
3624000 0.981963
3626000 0.982223
3628000 0.980848
3630000 0.980614
3632000 0.981375
3634000 0.979324
3636000 0.97795
3638000 0.977308
3640000 0.976556
3642000 0.977564
3644000 0.977315
3646000 0.977871
3648000 0.98132
3650000 0.981977
3652000 0.978887
3654000 0.975494
3656000 0.974077
3658000 0.975306
3660000 0.973417
3662000 0.973383
3664000 0.980523
3666000 0.983696
3668000 0.982201
3670000 0.980847
3672000 0.982329
3674000 0.981923
3676000 0.983942
3678000 0.985305
3680000 0.988501
3682000 0.990445
3684000 0.988036
3686000 0.988207
3688000 0.9888
3690000 0.987114
3692000 0.984471
3694000 0.985877
3696000 0.986759
3698000 0.987314
3700000 0.985663
3702000 0.984742
3704000 0.983332
3706000 0.984942
3708000 0.985568
3710000 0.984532
3712000 0.981684
3714000 0.978365
3716000 0.977354
3718000 0.975959
3720000 0.975869
3722000 0.977302
3724000 0.975375
3726000 0.97765
3728000 0.980481
3730000 0.981002
3732000 0.980508
3734000 0.979988
3736000 0.981505
3738000 0.979825
3740000 0.978938
3742000 0.980816
3744000 0.978438
3746000 0.979963
3748000 0.981418
3750000 0.983944
3752000 0.98406
3754000 0.982388
3756000 0.983065
3758000 0.98239
3760000 0.981431
3762000 0.980542
3764000 0.979518
3766000 0.982184
3768000 0.979467
3770000 0.98027
3772000 0.981071
3774000 0.980011
3776000 0.979879
3778000 0.981401
3780000 0.982276
3782000 0.980611
3784000 0.980759
3786000 0.981314
3788000 0.98296
3790000 0.983828
3792000 0.982589
3794000 0.986109
3796000 0.987697
3798000 0.987963
3800000 0.989979
3802000 0.990129
3804000 0.986805
3806000 0.986299
3808000 0.985911
3810000 0.985357
3812000 0.985716
3814000 0.983413
3816000 0.984155
3818000 0.985536
3820000 0.984013
3822000 0.984422
3824000 0.982166
3826000 0.984072
3828000 0.985184
3830000 0.982374
3832000 0.984673
3834000 0.985968
3836000 0.983639
3838000 0.983115
3840000 0.982603
3842000 0.981749
3844000 0.980937
3846000 0.980816
3848000 0.979464
3850000 0.97781
3852000 0.977155
3854000 0.975426
3856000 0.978061
3858000 0.980899
3860000 0.98133
3862000 0.980189
3864000 0.979762
3866000 0.981969
3868000 0.981193
3870000 0.980316
3872000 0.979808
3874000 0.981311
3876000 0.983729
3878000 0.98468
3880000 0.982515
3882000 0.980373
3884000 0.979834
3886000 0.980994
3888000 0.981221
3890000 0.981953
3892000 0.983183
3894000 0.98271
3896000 0.982998
3898000 0.984375
3900000 0.98192
3902000 0.980508
3904000 0.980885
3906000 0.978898
3908000 0.978223
3910000 0.980478
3912000 0.980716
3914000 0.979772
3916000 0.981393
3918000 0.98222
3920000 0.98347
3922000 0.985894
3924000 0.985686
3926000 0.985414
3928000 0.982588
3930000 0.981854
3932000 0.981378
3934000 0.983008
3936000 0.984071
3938000 0.986882
3940000 0.984489
3942000 0.982718
3944000 0.982858
3946000 0.98468
3948000 0.986615
3950000 0.985109
3952000 0.981518
3954000 0.983712
3956000 0.986419
3958000 0.984023
3960000 0.982811
3962000 0.981483
3964000 0.981756
3966000 0.983108
3968000 0.981709
3970000 0.981321
3972000 0.979896
3974000 0.977285
3976000 0.9749
3978000 0.975211
3980000 0.977057
3982000 0.97893
3984000 0.981381
3986000 0.983624
3988000 0.981623
3990000 0.980114
3992000 0.981375
3994000 0.982251
3996000 0.983399
3998000 0.982968
4000000 0.982028
4002000 0.979634
4004000 0.97895
4006000 0.97706
4008000 0.976372
4010000 0.979251
4012000 0.983302
4014000 0.981546
4016000 0.981647
4018000 0.982776
4020000 0.9841
4022000 0.983955
4024000 0.98681
4026000 0.987324
4028000 0.986437
4030000 0.986142
4032000 0.985277
4034000 0.985164
4036000 0.984013
4038000 0.982724
4040000 0.981783
4042000 0.982888
4044000 0.983544
4046000 0.981749
4048000 0.982115
4050000 0.981493
4052000 0.979663
4054000 0.980172
4056000 0.976755
4058000 0.975988
4060000 0.977087
4062000 0.97777
4064000 0.980495
4066000 0.984115
4068000 0.981464
4070000 0.980972
4072000 0.981018
4074000 0.979964
4076000 0.979792
4078000 0.98172
4080000 0.983962
4082000 0.982202
4084000 0.980738
4086000 0.981938
4088000 0.981821
4090000 0.98241
4092000 0.981243
4094000 0.982951
4096000 0.982256
4098000 0.983357
4100000 0.984431
4102000 0.985621
4104000 0.988057
4106000 0.986356
4108000 0.985788
4110000 0.987205
4112000 0.985717
4114000 0.984066
4116000 0.983345
4118000 0.986094
4120000 0.985163
4122000 0.986595
4124000 0.985265
4126000 0.984311
4128000 0.985694
4130000 0.984995
4132000 0.985152
4134000 0.987685
4136000 0.990035
4138000 0.988713
4140000 0.986755
4142000 0.98599
4144000 0.98218
4146000 0.980551
4148000 0.979283
4150000 0.979509
4152000 0.979426
4154000 0.983218
4156000 0.984879
4158000 0.983368
4160000 0.98342
4162000 0.981717
4164000 0.977961
4166000 0.975056
4168000 0.974941
4170000 0.975095
4172000 0.977522
4174000 0.980612
4176000 0.981299
4178000 0.979316
4180000 0.978338
4182000 0.9785
4184000 0.976816
4186000 0.978173
4188000 0.980025
4190000 0.98103
4192000 0.978541
4194000 0.978991
4196000 0.979454
4198000 0.977166
4200000 0.979864
4202000 0.983203
4204000 0.984175
4206000 0.983958
4208000 0.985891
4210000 0.984284
4212000 0.983705
4214000 0.983533
4216000 0.985096
4218000 0.983694
4220000 0.983509
4222000 0.982867
4224000 0.984152
4226000 0.983657
4228000 0.985273
4230000 0.987011
4232000 0.985924
4234000 0.986101
4236000 0.983736
4238000 0.983825
4240000 0.984236
4242000 0.984596
4244000 0.982009
4246000 0.980095
4248000 0.982026
4250000 0.985337
4252000 0.983632
4254000 0.981224
4256000 0.977933
4258000 0.975896
4260000 0.976711
4262000 0.975712
4264000 0.975999
4266000 0.98063
4268000 0.983866
4270000 0.984893
4272000 0.985976
4274000 0.986152
4276000 0.985527
4278000 0.982199
4280000 0.981323
4282000 0.981425
4284000 0.979716
4286000 0.977796
4288000 0.978448
4290000 0.979785
4292000 0.977383
4294000 0.974034
4296000 0.973512
4298000 0.973042
4300000 0.972582
4302000 0.974842
4304000 0.9764
4306000 0.976954
4308000 0.975756
4310000 0.972358
4312000 0.972518
4314000 0.975448
4316000 0.975019
4318000 0.974788
4320000 0.978909
4322000 0.981115
4324000 0.98353
4326000 0.98462
4328000 0.98461
4330000 0.985872
4332000 0.986627
4334000 0.98599
4336000 0.982871
4338000 0.982378
4340000 0.980698
4342000 0.980803
4344000 0.980265
4346000 0.980328
4348000 0.981684
4350000 0.979037
4352000 0.980225
4354000 0.97977
4356000 0.979329
4358000 0.979392
4360000 0.980598
4362000 0.982565
4364000 0.981486
4366000 0.981556
4368000 0.981269
4370000 0.98538
4372000 0.984876
4374000 0.984601
4376000 0.984859
4378000 0.987092
4380000 0.987935
4382000 0.986996
4384000 0.987028
4386000 0.986339
4388000 0.98624
4390000 0.986488
4392000 0.986708
4394000 0.984261
4396000 0.98071
4398000 0.980009
4400000 0.981334
4402000 0.97794
4404000 0.978062
4406000 0.97695
4408000 0.976358
4410000 0.975361
4412000 0.973138
4414000 0.975103
4416000 0.97706
4418000 0.979193
4420000 0.98012
4422000 0.981072
4424000 0.981935
4426000 0.981059
4428000 0.979029
4430000 0.980901
4432000 0.980605
4434000 0.980258
4436000 0.980432
4438000 0.983809
4440000 0.985766
4442000 0.985734
4444000 0.985716
4446000 0.985939
4448000 0.983976
4450000 0.983237
4452000 0.980231
4454000 0.982316
4456000 0.983993
4458000 0.981993
4460000 0.981854
4462000 0.981738
4464000 0.981012
4466000 0.981349
4468000 0.981191
4470000 0.97966
4472000 0.98174
4474000 0.983241
4476000 0.983986
4478000 0.985016
4480000 0.98498
4482000 0.985233
4484000 0.983404
4486000 0.983388
4488000 0.983185
4490000 0.97805
4492000 0.979912
4494000 0.981315
4496000 0.982564
4498000 0.984574
4500000 0.982281
4502000 0.982064
4504000 0.983534
4506000 0.984607
4508000 0.982255
4510000 0.982446
4512000 0.982747
4514000 0.98197
4516000 0.980816
4518000 0.983867
4520000 0.984561
4522000 0.985454
4524000 0.984647
4526000 0.984293
4528000 0.985628
4530000 0.987621
4532000 0.98602
4534000 0.983712
4536000 0.983576
4538000 0.985093
4540000 0.985579
4542000 0.983454
4544000 0.982496
4546000 0.981635
4548000 0.982264
4550000 0.983321
4552000 0.982232
4554000 0.982159
4556000 0.981474
4558000 0.980846
4560000 0.98273
4562000 0.983239
4564000 0.982684
4566000 0.980637
4568000 0.983054
4570000 0.98284
4572000 0.981549
4574000 0.980879
4576000 0.98236
4578000 0.984949
4580000 0.986518
4582000 0.985854
4584000 0.9846
4586000 0.985362
4588000 0.987059
4590000 0.987451
4592000 0.985989
4594000 0.987966
4596000 0.988076
4598000 0.982147
4600000 0.977607
4602000 0.978309
4604000 0.98016
4606000 0.982085
4608000 0.982658
4610000 0.983391
4612000 0.984449
4614000 0.983687
4616000 0.983464
4618000 0.985357
4620000 0.984911
4622000 0.987398
4624000 0.986092
4626000 0.984931
4628000 0.984511
4630000 0.983912
4632000 0.983649
4634000 0.983804
4636000 0.982865
4638000 0.983387
4640000 0.983598
4642000 0.984052
4644000 0.984832
4646000 0.983937
4648000 0.982778
4650000 0.98246
4652000 0.980169
4654000 0.981655
4656000 0.97998
4658000 0.977532
4660000 0.976606
4662000 0.977969
4664000 0.977922
4666000 0.977362
4668000 0.979829
4670000 0.979506
4672000 0.978406
4674000 0.975359
4676000 0.975815
4678000 0.975649
4680000 0.980043
4682000 0.98063
4684000 0.978027
4686000 0.982552
4688000 0.982824
4690000 0.980455
4692000 0.980988
4694000 0.980097
4696000 0.979442
4698000 0.976745
4700000 0.974686
4702000 0.975679
4704000 0.975602
4706000 0.974493
4708000 0.974545
4710000 0.973227
4712000 0.973868
4714000 0.974362
4716000 0.973884
4718000 0.974631
4720000 0.975397
4722000 0.976435
4724000 0.977045
4726000 0.978288
4728000 0.976747
4730000 0.976983
4732000 0.978002
4734000 0.975553
4736000 0.976793
4738000 0.976798
4740000 0.977316
4742000 0.977551
4744000 0.975367
4746000 0.970463
4748000 0.971137
4750000 0.973486
4752000 0.97657
4754000 0.979241
4756000 0.979281
4758000 0.979119
4760000 0.978795
4762000 0.976472
4764000 0.977844
4766000 0.978678
4768000 0.981978
4770000 0.980888
4772000 0.981047
4774000 0.979936
4776000 0.977773
4778000 0.976864
4780000 0.978606
4782000 0.980916
4784000 0.97972
4786000 0.976899
4788000 0.974974
4790000 0.976774
4792000 0.981531
4794000 0.985741
4796000 0.983629
4798000 0.98273
4800000 0.981535
4802000 0.982541
4804000 0.983231
4806000 0.982445
4808000 0.982226
4810000 0.980125
4812000 0.979111
4814000 0.976782
4816000 0.977528
4818000 0.980797
4820000 0.982884
4822000 0.985674
4824000 0.987184
4826000 0.987338
4828000 0.988696
4830000 0.990825
4832000 0.990058
4834000 0.992274
4836000 0.992983
4838000 0.991754
4840000 0.991987
4842000 0.990198
4844000 0.986744
4846000 0.983839
4848000 0.989389
4850000 0.989974
4852000 0.98795
4854000 0.988149
4856000 0.989047
4858000 0.989703
4860000 0.989284
4862000 0.9904
4864000 0.989361
4866000 0.987627
4868000 0.988268
4870000 0.985763
4872000 0.982909
4874000 0.98578
4876000 0.985899
4878000 0.985227
4880000 0.983277
4882000 0.979332
4884000 0.977668
4886000 0.978821
4888000 0.977417
4890000 0.978529
4892000 0.982489
4894000 0.984409
4896000 0.982684
4898000 0.983685
4900000 0.984024
4902000 0.984682
4904000 0.982596
4906000 0.981548
4908000 0.97926
4910000 0.977879
4912000 0.981018
4914000 0.983648
4916000 0.981861
4918000 0.982279
4920000 0.980954
4922000 0.981445
4924000 0.983174
4926000 0.982749
4928000 0.984401
4930000 0.983821
4932000 0.982667
4934000 0.98535
4936000 0.983699
4938000 0.98227
4940000 0.982098
4942000 0.984665
4944000 0.9869
4946000 0.987421
4948000 0.989765
4950000 0.986988
4952000 0.98678
4954000 0.987757
4956000 0.986128
4958000 0.9841
4960000 0.981652
4962000 0.981377
4964000 0.981366
4966000 0.982648
4968000 0.985389
4970000 0.986525
4972000 0.987961
4974000 0.989249
4976000 0.990694
4978000 0.990137
4980000 0.989532
4982000 0.988317
4984000 0.985591
4986000 0.983039
4988000 0.983984
4990000 0.985681
4992000 0.985662
4994000 0.98377
4996000 0.984054
4998000 0.987759
5000000 0.985243
5002000 0.988198
5004000 0.989018
5006000 0.987565
5008000 0.986351
5010000 0.987689
5012000 0.984975
5014000 0.983865
5016000 0.984072
5018000 0.984618
5020000 0.98579
5022000 0.983341
5024000 0.986547
5026000 0.985081
5028000 0.985499
5030000 0.98845
5032000 0.990396
5034000 0.987366
5036000 0.986109
5038000 0.986711
5040000 0.987468
5042000 0.98502
5044000 0.984057
5046000 0.981229
5048000 0.979509
5050000 0.981333
5052000 0.985058
5054000 0.985014
5056000 0.984417
5058000 0.984502
5060000 0.980958
5062000 0.981677
5064000 0.980687
5066000 0.980332
5068000 0.981624
5070000 0.984778
5072000 0.986635
5074000 0.985023
5076000 0.986609
5078000 0.988897
5080000 0.988802
5082000 0.987941
5084000 0.988795
5086000 0.986838
5088000 0.984862
5090000 0.983718
5092000 0.981622
5094000 0.983527
5096000 0.98359
5098000 0.985284
5100000 0.987813
5102000 0.988274
5104000 0.987525
5106000 0.989936
5108000 0.988478
5110000 0.986557
5112000 0.981248
5114000 0.976025
5116000 0.97411
5118000 0.973458
5120000 0.976488
5122000 0.977696
5124000 0.980268
5126000 0.982774
5128000 0.981769
5130000 0.982658
5132000 0.982846
5134000 0.983113
5136000 0.98463
5138000 0.985475
5140000 0.98604
5142000 0.983405
5144000 0.981237
5146000 0.980121
5148000 0.978767
5150000 0.978015
5152000 0.979931
5154000 0.982859
5156000 0.983055
5158000 0.981464
5160000 0.978738
5162000 0.977342
5164000 0.976218
5166000 0.975776
5168000 0.97598
5170000 0.977484
5172000 0.97673
5174000 0.979047
5176000 0.977379
5178000 0.976443
5180000 0.977605
5182000 0.978869
5184000 0.978613
5186000 0.977791
5188000 0.97834
5190000 0.976035
5192000 0.976464
5194000 0.977787
5196000 0.97671
5198000 0.976875
5200000 0.979626
5202000 0.982856
5204000 0.985262
5206000 0.983419
5208000 0.984264
5210000 0.984327
5212000 0.984914
5214000 0.984736
5216000 0.983588
5218000 0.984476
5220000 0.984075
5222000 0.984148
5224000 0.984551
5226000 0.985865
5228000 0.986044
5230000 0.984073
5232000 0.983473
5234000 0.986335
5236000 0.986214
5238000 0.986045
5240000 0.985227
5242000 0.98318
5244000 0.986204
5246000 0.986547
5248000 0.987544
5250000 0.989439
5252000 0.988028
5254000 0.983956
5256000 0.982246
5258000 0.983132
5260000 0.986316
5262000 0.986005
5264000 0.983043
5266000 0.982673
5268000 0.98203
5270000 0.983035
5272000 0.983545
5274000 0.983929
5276000 0.98489
5278000 0.985048
5280000 0.9845
5282000 0.984902
5284000 0.986345
5286000 0.98344
5288000 0.981841
5290000 0.982143
5292000 0.980126
5294000 0.980245
5296000 0.980793
5298000 0.98042
5300000 0.979648
5302000 0.97951
5304000 0.979363
5306000 0.979212
5308000 0.978158
5310000 0.978022
5312000 0.975702
5314000 0.976918
5316000 0.978489
5318000 0.978559
5320000 0.976842
5322000 0.977256
5324000 0.978037
5326000 0.977733
5328000 0.979049
5330000 0.980613
5332000 0.984507
5334000 0.984219
5336000 0.983619
5338000 0.981477
5340000 0.98115
5342000 0.983655
5344000 0.984992
5346000 0.984964
5348000 0.986507
5350000 0.985778
5352000 0.982121
5354000 0.982545
5356000 0.982311
5358000 0.98169
5360000 0.979952
5362000 0.981998
5364000 0.982461
5366000 0.984951
5368000 0.987422
5370000 0.989492
5372000 0.988236
5374000 0.987559
5376000 0.988226
5378000 0.984732
5380000 0.984322
5382000 0.986177
5384000 0.984039
5386000 0.984226
5388000 0.986277
5390000 0.98439
5392000 0.98438
5394000 0.983264
5396000 0.980931
5398000 0.980083
5400000 0.979809
5402000 0.979323
5404000 0.979631
5406000 0.980318
5408000 0.98165
5410000 0.981892
5412000 0.982454
5414000 0.981448
5416000 0.984668
5418000 0.985567
5420000 0.983271
5422000 0.983732
5424000 0.981768
5426000 0.982162
5428000 0.982622
5430000 0.98457
5432000 0.983784
5434000 0.984518
5436000 0.98371
5438000 0.98411
5440000 0.9846
5442000 0.987488
5444000 0.988476
5446000 0.989211
5448000 0.986812
5450000 0.984278
5452000 0.984279
5454000 0.988379
5456000 0.985686
5458000 0.982734
5460000 0.985997
5462000 0.985902
5464000 0.989474
5466000 0.99013
5468000 0.988133
5470000 0.985724
5472000 0.986232
5474000 0.987042
5476000 0.988895
5478000 0.990909
5480000 0.990119
5482000 0.989542
5484000 0.988412
5486000 0.988445
5488000 0.989059
5490000 0.989518
5492000 0.988946
5494000 0.987179
5496000 0.989639
5498000 0.992571
5500000 0.991786
5502000 0.991284
5504000 0.986871
5506000 0.986694
5508000 0.989416
5510000 0.987995
5512000 0.984389
5514000 0.983444
5516000 0.981145
5518000 0.976813
5520000 0.975695
5522000 0.977785
5524000 0.979501
5526000 0.979392
5528000 0.979725
5530000 0.980685
5532000 0.982288
5534000 0.986275
5536000 0.987308
5538000 0.984291
5540000 0.984086
5542000 0.983058
5544000 0.982388
5546000 0.982237
5548000 0.983078
5550000 0.981
5552000 0.979162
5554000 0.979167
5556000 0.979332
5558000 0.981048
5560000 0.979155
5562000 0.978239
5564000 0.979032
5566000 0.982801
5568000 0.982383
5570000 0.983922
5572000 0.983917
5574000 0.982229
5576000 0.982402
5578000 0.983077
5580000 0.980121
5582000 0.979868
5584000 0.979404
5586000 0.979307
5588000 0.980783
5590000 0.981227
5592000 0.982067
5594000 0.982762
5596000 0.98413
5598000 0.984925
5600000 0.986457
5602000 0.986036
5604000 0.986245
5606000 0.984424
5608000 0.981516
5610000 0.980348
5612000 0.980736
5614000 0.978147
5616000 0.978947
5618000 0.97814
5620000 0.978109
5622000 0.98017
5624000 0.979987
5626000 0.980877
5628000 0.978849
5630000 0.980876
5632000 0.983307
5634000 0.983924
5636000 0.984753
5638000 0.981934
5640000 0.981251
5642000 0.981011
5644000 0.980899
5646000 0.97934
5648000 0.978878
5650000 0.975842
5652000 0.976661
5654000 0.97716
5656000 0.97679
5658000 0.976753
5660000 0.976284
5662000 0.977141
5664000 0.977537
5666000 0.978175
5668000 0.978249
5670000 0.977891
5672000 0.974648
5674000 0.973292
5676000 0.973606
5678000 0.973629
5680000 0.973777
5682000 0.974255
5684000 0.973246
5686000 0.97632
5688000 0.974923
5690000 0.972934
5692000 0.973291
5694000 0.975773
5696000 0.977757
5698000 0.979333
5700000 0.980928
5702000 0.981116
5704000 0.979041
5706000 0.978066
5708000 0.97855
5710000 0.976751
5712000 0.97558
5714000 0.975077
5716000 0.975698
5718000 0.976935
5720000 0.97912
5722000 0.977287
5724000 0.976686
5726000 0.977684
5728000 0.978741
5730000 0.981014
5732000 0.98287
5734000 0.983769
5736000 0.982025
5738000 0.982207
5740000 0.982066
5742000 0.981059
5744000 0.982198
5746000 0.984368
5748000 0.984135
5750000 0.980728
5752000 0.979268
5754000 0.981197
5756000 0.982538
5758000 0.985433
5760000 0.986023
5762000 0.985279
5764000 0.988592
5766000 0.987741
5768000 0.987349
5770000 0.985454
5772000 0.981527
5774000 0.984505
5776000 0.984884
5778000 0.986238
5780000 0.985399
5782000 0.983895
5784000 0.984878
5786000 0.987177
5788000 0.985638
5790000 0.986771
5792000 0.986157
5794000 0.985443
5796000 0.984422
5798000 0.984819
5800000 0.983866
5802000 0.981611
5804000 0.98171
5806000 0.985089
5808000 0.984409
5810000 0.983936
5812000 0.983482
5814000 0.983797
5816000 0.983122
5818000 0.983406
5820000 0.983459
5822000 0.980783
5824000 0.980534
5826000 0.98175
5828000 0.981541
5830000 0.981946
5832000 0.983449
5834000 0.984354
5836000 0.981105
5838000 0.978957
5840000 0.977375
5842000 0.976775
5844000 0.97748
5846000 0.976536
5848000 0.975224
5850000 0.976269
5852000 0.980928
5854000 0.979512
5856000 0.978709
5858000 0.979592
5860000 0.980129
5862000 0.978427
5864000 0.978872
5866000 0.979758
5868000 0.982118
5870000 0.984067
5872000 0.983108
5874000 0.984977
5876000 0.985236
5878000 0.983701
5880000 0.981224
5882000 0.980298
5884000 0.982653
5886000 0.983676
5888000 0.984401
5890000 0.984689
5892000 0.982399
5894000 0.981024
5896000 0.98016
5898000 0.980064
5900000 0.978279
5902000 0.979609
5904000 0.98049
5906000 0.982359
5908000 0.981284
5910000 0.981344
5912000 0.978493
5914000 0.982293
5916000 0.9846
5918000 0.985914
5920000 0.984445
5922000 0.98105
5924000 0.981782
5926000 0.982434
5928000 0.982107
5930000 0.98126
5932000 0.983456
5934000 0.984955
5936000 0.986606
5938000 0.989102
5940000 0.988774
5942000 0.985355
5944000 0.983998
5946000 0.982456
5948000 0.97922
5950000 0.977765
5952000 0.980059
5954000 0.980298
5956000 0.980923
5958000 0.980117
5960000 0.980028
5962000 0.981513
5964000 0.982898
5966000 0.979193
5968000 0.976743
5970000 0.977445
5972000 0.979067
5974000 0.979679
5976000 0.980592
5978000 0.979818
5980000 0.980868
5982000 0.981621
5984000 0.983954
5986000 0.984516
5988000 0.987035
5990000 0.986512
5992000 0.986088
5994000 0.987052
5996000 0.986478
5998000 0.985385
6000000 0.987274
6002000 0.988835
6004000 0.988715
6006000 0.988769
6008000 0.987273
6010000 0.987442
6012000 0.985466
6014000 0.985542
6016000 0.984002
6018000 0.980032
6020000 0.978736
6022000 0.977313
6024000 0.976557
6026000 0.976985
6028000 0.978523
6030000 0.97943
6032000 0.979832
6034000 0.978684
6036000 0.976705
6038000 0.976664
6040000 0.977237
6042000 0.977574
6044000 0.98073
6046000 0.981857
6048000 0.983162
6050000 0.987845
6052000 0.987852
6054000 0.983297
6056000 0.982975
6058000 0.982651
6060000 0.981943
6062000 0.981952
6064000 0.981533
6066000 0.981475
6068000 0.98208
6070000 0.982448
6072000 0.980447
6074000 0.980518
6076000 0.982128
6078000 0.984073
6080000 0.981202
6082000 0.980891
6084000 0.98396
6086000 0.98425
6088000 0.986562
6090000 0.988383
6092000 0.986087
6094000 0.983729
6096000 0.986056
6098000 0.986324
6100000 0.986789
6102000 0.986309
6104000 0.985985
6106000 0.989577
6108000 0.990647
6110000 0.986952
6112000 0.985297
6114000 0.982783
6116000 0.979975
6118000 0.979719
6120000 0.981175
6122000 0.979988
6124000 0.979822
6126000 0.981016
6128000 0.980443
6130000 0.982429
6132000 0.985817
6134000 0.988078
6136000 0.990189
6138000 0.987717
6140000 0.984963
6142000 0.98561
6144000 0.984638
6146000 0.983284
6148000 0.984681
6150000 0.98825
6152000 0.989335
6154000 0.988049
6156000 0.988892
6158000 0.989693
6160000 0.990011
6162000 0.990677
6164000 0.989941
6166000 0.991117
6168000 0.985712
6170000 0.98586
6172000 0.986957
6174000 0.984597
6176000 0.981652
6178000 0.979613
6180000 0.977589
6182000 0.978686
6184000 0.98051
6186000 0.980198
6188000 0.981694
6190000 0.980874
6192000 0.978485
6194000 0.978361
6196000 0.977061
6198000 0.978551
6200000 0.981304
6202000 0.982115
6204000 0.979432
6206000 0.979092
6208000 0.978682
6210000 0.978611
6212000 0.979712
6214000 0.98184
6216000 0.981695
6218000 0.980427
6220000 0.982056
6222000 0.98075
6224000 0.981938
6226000 0.986693
6228000 0.989509
6230000 0.987825
6232000 0.985612
6234000 0.98353
6236000 0.984513
6238000 0.982419
6240000 0.984272
6242000 0.987523
6244000 0.987772
6246000 0.987841
6248000 0.986369
6250000 0.984492
6252000 0.986872
6254000 0.986901
6256000 0.986637
6258000 0.985273
6260000 0.987175
6262000 0.98399
6264000 0.983555
6266000 0.982003
6268000 0.980325
6270000 0.980246
6272000 0.979169
6274000 0.978261
6276000 0.977447
6278000 0.977915
6280000 0.97791
6282000 0.977972
6284000 0.978945
6286000 0.981969
6288000 0.981813
6290000 0.98114
6292000 0.981503
6294000 0.982393
6296000 0.982319
6298000 0.979969
6300000 0.976072
6302000 0.979302
6304000 0.98104
6306000 0.980145
6308000 0.980754
6310000 0.979692
6312000 0.977644
6314000 0.976482
6316000 0.97623
6318000 0.978215
6320000 0.979457
6322000 0.97972
6324000 0.977677
6326000 0.97559
6328000 0.975761
6330000 0.977526
6332000 0.979338
6334000 0.978789
6336000 0.978123
6338000 0.978598
6340000 0.978403
6342000 0.980808
6344000 0.980167
6346000 0.980492
6348000 0.980078
6350000 0.979488
6352000 0.983856
6354000 0.984491
6356000 0.9838
6358000 0.981943
6360000 0.980577
6362000 0.978336
6364000 0.979683
6366000 0.982412
6368000 0.982073
6370000 0.980449
6372000 0.97601
6374000 0.977854
6376000 0.981908
6378000 0.982295
6380000 0.982601
6382000 0.982957
6384000 0.983781
6386000 0.982259
6388000 0.98061
6390000 0.981461
6392000 0.981707
6394000 0.981233
6396000 0.981441
6398000 0.982883
6400000 0.985235
6402000 0.985134
6404000 0.98399
6406000 0.984855
6408000 0.9836
6410000 0.982369
6412000 0.986241
6414000 0.984618
6416000 0.984721
6418000 0.984967
6420000 0.985435
6422000 0.985145
6424000 0.986302
6426000 0.986038
6428000 0.988115
6430000 0.986754
6432000 0.98641
6434000 0.985781
6436000 0.985864
6438000 0.984877
6440000 0.985372
6442000 0.984869
6444000 0.986266
6446000 0.985458
6448000 0.985157
6450000 0.985495
6452000 0.985502
6454000 0.987234
6456000 0.984611
6458000 0.982519
6460000 0.984379
6462000 0.985809
6464000 0.985858
6466000 0.986758
6468000 0.985666
6470000 0.985248
6472000 0.985317
6474000 0.984881
6476000 0.9834
6478000 0.983729
6480000 0.983805
6482000 0.984596
6484000 0.982663
6486000 0.978297
6488000 0.9798
6490000 0.981674
6492000 0.981458
6494000 0.979571
6496000 0.978939
6498000 0.978956
6500000 0.978119
6502000 0.980409
6504000 0.98399
6506000 0.983865
6508000 0.983545
6510000 0.982804
6512000 0.983737
6514000 0.983022
6516000 0.98235
6518000 0.98394
6520000 0.98469
6522000 0.983413
6524000 0.981101
6526000 0.981351
6528000 0.981208
6530000 0.982271
6532000 0.982775
6534000 0.980601
6536000 0.980946
6538000 0.982154
6540000 0.980924
6542000 0.983372
6544000 0.984217
6546000 0.983931
6548000 0.983803
6550000 0.981607
6552000 0.982651
6554000 0.984951
6556000 0.985458
6558000 0.984071
6560000 0.982651
6562000 0.983758
6564000 0.984615
6566000 0.98314
6568000 0.98157
6570000 0.981776
6572000 0.982445
6574000 0.983532
6576000 0.982048
6578000 0.979835
6580000 0.980966
6582000 0.983132
6584000 0.985614
6586000 0.986196
6588000 0.982831
6590000 0.980849
6592000 0.979342
6594000 0.982507
6596000 0.983581
6598000 0.980412
6600000 0.978842
6602000 0.977497
6604000 0.976998
6606000 0.976858
6608000 0.979178
6610000 0.978438
6612000 0.977593
6614000 0.976678
6616000 0.97592
6618000 0.974357
6620000 0.974217
6622000 0.974498
6624000 0.975548
6626000 0.975006
6628000 0.975728
6630000 0.974435
6632000 0.972429
6634000 0.975162
6636000 0.976372
6638000 0.97877
6640000 0.980714
6642000 0.983823
6644000 0.984906
6646000 0.98336
6648000 0.985299
6650000 0.986115
6652000 0.984733
6654000 0.982416
6656000 0.982846
6658000 0.984916
6660000 0.98438
6662000 0.982608
6664000 0.980471
6666000 0.979824
6668000 0.981268
6670000 0.980622
6672000 0.980288
6674000 0.98221
6676000 0.983719
6678000 0.983444
6680000 0.98306
6682000 0.984285
6684000 0.983028
6686000 0.981023
6688000 0.980081
6690000 0.981621
6692000 0.982652
6694000 0.982311
6696000 0.982977
6698000 0.983516
6700000 0.984559
6702000 0.986849
6704000 0.986555
6706000 0.983586
6708000 0.98389
6710000 0.983983
6712000 0.98543
6714000 0.98406
6716000 0.983902
6718000 0.982523
6720000 0.983012
6722000 0.984424
6724000 0.986455
6726000 0.986296
6728000 0.983061
6730000 0.984881
6732000 0.98244
6734000 0.9802
6736000 0.979959
6738000 0.982485
6740000 0.982667
6742000 0.982096
6744000 0.980679
6746000 0.980176
6748000 0.983517
6750000 0.985558
6752000 0.985589
6754000 0.984384
6756000 0.983061
6758000 0.984111
6760000 0.98304
6762000 0.981288
6764000 0.983461
6766000 0.98327
6768000 0.981759
6770000 0.98266
6772000 0.983399
6774000 0.984319
6776000 0.981141
6778000 0.980788
6780000 0.980021
6782000 0.979157
6784000 0.978437
6786000 0.978964
6788000 0.983563
6790000 0.984531
6792000 0.982429
6794000 0.983922
6796000 0.983134
6798000 0.983289
6800000 0.982388
6802000 0.978847
6804000 0.981187
6806000 0.980676
6808000 0.981292
6810000 0.982795
6812000 0.983799
6814000 0.98165
6816000 0.982154
6818000 0.983781
6820000 0.980532
6822000 0.979249
6824000 0.978933
6826000 0.9802
6828000 0.98148
6830000 0.979173
6832000 0.978785
6834000 0.981096
6836000 0.980293
6838000 0.98183
6840000 0.984957
6842000 0.985215
6844000 0.982441
6846000 0.984009
6848000 0.985763
6850000 0.985791
6852000 0.985225
6854000 0.982718
6856000 0.980983
6858000 0.982788
6860000 0.98122
6862000 0.983417
6864000 0.983927
6866000 0.982749
6868000 0.98171
6870000 0.98266
6872000 0.982885
6874000 0.984226
6876000 0.985202
6878000 0.98193
6880000 0.979135
6882000 0.977783
6884000 0.97751
6886000 0.977404
6888000 0.979631
6890000 0.980208
6892000 0.981391
6894000 0.981533
6896000 0.979359
6898000 0.975117
6900000 0.975592
6902000 0.977574
6904000 0.976173
6906000 0.976582
6908000 0.976535
6910000 0.980086
6912000 0.97971
6914000 0.980117
6916000 0.977878
6918000 0.979488
6920000 0.981281
6922000 0.980451
6924000 0.982456
6926000 0.985009
6928000 0.989987
6930000 0.992267
6932000 0.989369
6934000 0.988277
6936000 0.987539
6938000 0.987794
6940000 0.985715
6942000 0.984995
6944000 0.982131
6946000 0.980298
6948000 0.980834
6950000 0.982883
6952000 0.985809
6954000 0.986444
6956000 0.984681
6958000 0.985898
6960000 0.984213
6962000 0.983951
6964000 0.981111
6966000 0.979505
6968000 0.980886
6970000 0.97968
6972000 0.979567
6974000 0.976727
6976000 0.974406
6978000 0.970633
6980000 0.973216
6982000 0.976205
6984000 0.977032
6986000 0.977384
6988000 0.977329
6990000 0.977724
6992000 0.978069
6994000 0.97942
6996000 0.982759
6998000 0.980622
7000000 0.981146
7002000 0.981851
7004000 0.982967
7006000 0.985581
7008000 0.987877
7010000 0.986345
7012000 0.985073
7014000 0.983975
7016000 0.983218
7018000 0.984909
7020000 0.985456
7022000 0.98477
7024000 0.986061
7026000 0.981895
7028000 0.980158
7030000 0.980889
7032000 0.981547
7034000 0.979949
7036000 0.980575
7038000 0.980544
7040000 0.982192
7042000 0.982523
7044000 0.98154
7046000 0.984088
7048000 0.987248
7050000 0.985873
7052000 0.982976
7054000 0.981177
7056000 0.981634
7058000 0.984167
7060000 0.987347
7062000 0.98802
7064000 0.986418
7066000 0.985715
7068000 0.985648
7070000 0.984418
7072000 0.984236
7074000 0.982345
7076000 0.982343
7078000 0.984387
7080000 0.985394
7082000 0.983517
7084000 0.982405
7086000 0.982583
7088000 0.982799
7090000 0.983006
7092000 0.981422
7094000 0.984447
7096000 0.987192
7098000 0.986695
7100000 0.983572
7102000 0.981329
7104000 0.980919
7106000 0.982525
7108000 0.98025
7110000 0.979218
7112000 0.979036
7114000 0.97719
7116000 0.977278
7118000 0.977878
7120000 0.977231
7122000 0.979823
7124000 0.981179
7126000 0.980787
7128000 0.97697
7130000 0.976933
7132000 0.976478
7134000 0.977999
7136000 0.979326
7138000 0.979759
7140000 0.978775
7142000 0.978992
7144000 0.981621
7146000 0.983016
7148000 0.983626
7150000 0.981872
7152000 0.980846
7154000 0.980652
7156000 0.981386
7158000 0.982749
7160000 0.983946
7162000 0.984579
7164000 0.984287
7166000 0.982818
7168000 0.979577
7170000 0.980177
7172000 0.979618
7174000 0.978733
7176000 0.978801
7178000 0.980788
7180000 0.98075
7182000 0.978183
7184000 0.98033
7186000 0.983888
7188000 0.985197
7190000 0.986372
7192000 0.985732
7194000 0.983855
7196000 0.983816
7198000 0.982885
7200000 0.982113
7202000 0.97929
7204000 0.97563
7206000 0.974042
7208000 0.975666
7210000 0.975287
7212000 0.976392
7214000 0.977471
7216000 0.980661
7218000 0.979482
7220000 0.978649
7222000 0.979118
7224000 0.980193
7226000 0.980068
7228000 0.981621
7230000 0.980335
7232000 0.979827
7234000 0.981551
7236000 0.981147
7238000 0.980602
7240000 0.983069
7242000 0.981
7244000 0.982723
7246000 0.983087
7248000 0.982313
7250000 0.983198
7252000 0.98514
7254000 0.986748
7256000 0.986879
7258000 0.989887
7260000 0.986485
7262000 0.984661
7264000 0.98448
7266000 0.985249
7268000 0.985027
7270000 0.98384
7272000 0.98363
7274000 0.98522
7276000 0.986319
7278000 0.984377
7280000 0.982465
7282000 0.979069
7284000 0.981489
7286000 0.982835
7288000 0.985173
7290000 0.985515
7292000 0.984916
7294000 0.98199
7296000 0.981132
7298000 0.982202
7300000 0.985964
7302000 0.98758
7304000 0.987345
7306000 0.988436
7308000 0.98686
7310000 0.986716
7312000 0.983322
7314000 0.983964
7316000 0.986887
7318000 0.985461
7320000 0.984668
7322000 0.985991
7324000 0.98343
7326000 0.98251
7328000 0.98459
7330000 0.98431
7332000 0.982531
7334000 0.98424
7336000 0.985206
7338000 0.985636
7340000 0.987148
7342000 0.986742
7344000 0.985043
7346000 0.983758
7348000 0.981962
7350000 0.979047
7352000 0.980053
7354000 0.982757
7356000 0.982792
7358000 0.983096
7360000 0.985076
7362000 0.984932
7364000 0.98462
7366000 0.986104
7368000 0.984688
7370000 0.983639
7372000 0.983821
7374000 0.984394
7376000 0.983117
7378000 0.982806
7380000 0.984379
7382000 0.984405
7384000 0.985307
7386000 0.983644
7388000 0.983689
7390000 0.982279
7392000 0.981702
7394000 0.981786
7396000 0.979744
7398000 0.982475
7400000 0.982121
7402000 0.982519
7404000 0.984311
7406000 0.982592
7408000 0.979608
7410000 0.978727
7412000 0.976807
7414000 0.975775
7416000 0.977321
7418000 0.979192
7420000 0.977725
7422000 0.978301
7424000 0.975975
7426000 0.974773
7428000 0.97837
7430000 0.976932
7432000 0.974537
7434000 0.976472
7436000 0.977051
7438000 0.974111
7440000 0.975126
7442000 0.975818
7444000 0.973732
7446000 0.976308
7448000 0.976891
7450000 0.975827
7452000 0.977192
7454000 0.977733
7456000 0.978576
7458000 0.975865
7460000 0.97657
7462000 0.975592
7464000 0.97613
7466000 0.979645
7468000 0.980514
7470000 0.980173
7472000 0.980162
7474000 0.980115
7476000 0.97796
7478000 0.978565
7480000 0.979137
7482000 0.979766
7484000 0.978089
7486000 0.976659
7488000 0.977577
7490000 0.978153
7492000 0.977881
7494000 0.979989
7496000 0.983568
7498000 0.98233
7500000 0.981053
7502000 0.980668
7504000 0.979848
7506000 0.979693
7508000 0.978439
7510000 0.979006
7512000 0.979091
7514000 0.980749
7516000 0.980009
7518000 0.978002
7520000 0.976367
7522000 0.976503
7524000 0.980675
7526000 0.983861
7528000 0.984634
7530000 0.984389
7532000 0.981151
7534000 0.984121
7536000 0.984387
7538000 0.983753
7540000 0.983706
7542000 0.982589
7544000 0.983261
7546000 0.984021
7548000 0.985062
7550000 0.98158
7552000 0.980757
7554000 0.980862
7556000 0.98074
7558000 0.981068
7560000 0.980309
7562000 0.98172
7564000 0.983889
7566000 0.983882
7568000 0.987654
7570000 0.987192
7572000 0.98577
7574000 0.985646
7576000 0.983109
7578000 0.982925
7580000 0.982101
7582000 0.979179
7584000 0.979641
7586000 0.981804
7588000 0.984343
7590000 0.983906
7592000 0.981549
7594000 0.9799
7596000 0.976727
7598000 0.978362
7600000 0.977599
7602000 0.979485
7604000 0.98337
7606000 0.981974
7608000 0.979528
7610000 0.979707
7612000 0.981909
7614000 0.981808
7616000 0.985269
7618000 0.98622
7620000 0.98718
7622000 0.9869
7624000 0.984277
7626000 0.984886
7628000 0.982802
7630000 0.985193
7632000 0.985765
7634000 0.981571
7636000 0.981523
7638000 0.982481
7640000 0.982263
7642000 0.981935
7644000 0.982727
7646000 0.981817
7648000 0.978691
7650000 0.979208
7652000 0.980936
7654000 0.984356
7656000 0.983818
7658000 0.981679
7660000 0.981278
7662000 0.982712
7664000 0.984058
7666000 0.985239
7668000 0.983786
7670000 0.986007
7672000 0.985073
7674000 0.982673
7676000 0.981999
7678000 0.980465
7680000 0.978098
7682000 0.977926
7684000 0.979366
7686000 0.981034
7688000 0.982031
7690000 0.983156
7692000 0.983104
7694000 0.982157
7696000 0.981404
7698000 0.982515
7700000 0.98038
7702000 0.977388
7704000 0.974646
7706000 0.972351
7708000 0.974003
7710000 0.974677
7712000 0.973856
7714000 0.975668
7716000 0.977788
7718000 0.979466
7720000 0.980406
7722000 0.98111
7724000 0.982447
7726000 0.982657
7728000 0.980502
7730000 0.981324
7732000 0.982643
7734000 0.982333
7736000 0.983107
7738000 0.985719
7740000 0.984368
7742000 0.983767
7744000 0.98144
7746000 0.980231
7748000 0.980474
7750000 0.97881
7752000 0.977832
7754000 0.979688
7756000 0.980554
7758000 0.98099
7760000 0.982208
7762000 0.981729
7764000 0.981604
7766000 0.983002
7768000 0.982713
7770000 0.980883
7772000 0.981744
7774000 0.981269
7776000 0.979887
7778000 0.978355
7780000 0.977399
7782000 0.976627
7784000 0.976399
7786000 0.977386
7788000 0.980605
7790000 0.978588
7792000 0.979126
7794000 0.981678
7796000 0.981527
7798000 0.982293
7800000 0.983338
7802000 0.982417
7804000 0.981857
7806000 0.979757
7808000 0.980365
7810000 0.981225
7812000 0.982178
7814000 0.979795
7816000 0.981735
7818000 0.98023
7820000 0.979946
7822000 0.979144
7824000 0.978074
7826000 0.977575
7828000 0.980304
7830000 0.979381
7832000 0.976346
7834000 0.976944
7836000 0.975365
7838000 0.974431
7840000 0.974013
7842000 0.976705
7844000 0.977121
7846000 0.977261
7848000 0.977962
7850000 0.97869
7852000 0.977554
7854000 0.976739
7856000 0.97861
7858000 0.978385
7860000 0.979811
7862000 0.981257
7864000 0.982771
7866000 0.985357
7868000 0.982524
7870000 0.977971
7872000 0.978852
7874000 0.977404
7876000 0.97559
7878000 0.9768
7880000 0.982133
7882000 0.983299
7884000 0.983501
7886000 0.98353
7888000 0.983384
7890000 0.981415
7892000 0.979919
7894000 0.98198
7896000 0.984317
7898000 0.983651
7900000 0.982115
7902000 0.981578
7904000 0.982296
7906000 0.985375
7908000 0.986052
7910000 0.985063
7912000 0.984953
7914000 0.985463
7916000 0.987277
7918000 0.988088
7920000 0.988159
7922000 0.99046
7924000 0.988693
7926000 0.98885
7928000 0.989544
7930000 0.991612
7932000 0.989384
7934000 0.989078
7936000 0.989575
7938000 0.987959
7940000 0.988679
7942000 0.989312
7944000 0.986917
7946000 0.986465
7948000 0.987956
7950000 0.986393
7952000 0.985699
7954000 0.986192
7956000 0.986861
7958000 0.98865
7960000 0.987334
7962000 0.98426
7964000 0.981844
7966000 0.984418
7968000 0.983545
7970000 0.98312
7972000 0.984291
7974000 0.987156
7976000 0.985616
7978000 0.985447
7980000 0.985538
7982000 0.988388
7984000 0.990271
7986000 0.989785
7988000 0.989627
7990000 0.988984
7992000 0.987888
7994000 0.985487
7996000 0.983943
7998000 0.98432
8000000 0.98091
8002000 0.981814
8004000 0.980602
8006000 0.977947
8008000 0.974287
8010000 0.976539
8012000 0.976775
8014000 0.978491
8016000 0.978356
8018000 0.980182
8020000 0.980982
8022000 0.981618
8024000 0.981043
8026000 0.981279
8028000 0.981672
8030000 0.983081
8032000 0.984687
8034000 0.982833
8036000 0.979755
8038000 0.980414
8040000 0.983031
8042000 0.984982
8044000 0.984562
8046000 0.983789
8048000 0.983223
8050000 0.981074
8052000 0.978775
8054000 0.978362
8056000 0.97738
8058000 0.977043
8060000 0.974354
8062000 0.977168
8064000 0.978647
8066000 0.980395
8068000 0.980941
8070000 0.978775
8072000 0.976702
8074000 0.979466
8076000 0.982672
8078000 0.983972
8080000 0.982142
8082000 0.985095
8084000 0.985076
8086000 0.983682
8088000 0.983949
8090000 0.983012
8092000 0.984204
8094000 0.984894
8096000 0.980101
8098000 0.977361
8100000 0.976835
8102000 0.977531
8104000 0.977642
8106000 0.976281
8108000 0.977612
8110000 0.977157
8112000 0.977238
8114000 0.979596
8116000 0.979581
8118000 0.982476
8120000 0.983058
8122000 0.982529
8124000 0.981118
8126000 0.980691
8128000 0.981239
8130000 0.981902
8132000 0.982449
8134000 0.983907
8136000 0.984585
8138000 0.985963
8140000 0.985406
8142000 0.98449
8144000 0.985575
8146000 0.985642
8148000 0.985571
8150000 0.983928
8152000 0.982053
8154000 0.981756
8156000 0.981913
8158000 0.981588
8160000 0.981559
8162000 0.984817
8164000 0.98617
8166000 0.984052
8168000 0.985854
8170000 0.985843
8172000 0.985787
8174000 0.986509
8176000 0.987454
8178000 0.98555
8180000 0.985166
8182000 0.98638
8184000 0.985208
8186000 0.986142
8188000 0.988599
8190000 0.988337
8192000 0.987554
8194000 0.985598
8196000 0.986164
8198000 0.982712
8200000 0.977965
8202000 0.977382
8204000 0.978672
8206000 0.97854
8208000 0.978805
8210000 0.980544
8212000 0.982299
8214000 0.983886
8216000 0.982885
8218000 0.983038
8220000 0.984196
8222000 0.983036
8224000 0.982476
8226000 0.985433
8228000 0.983288
8230000 0.985191
8232000 0.987459
8234000 0.986351
8236000 0.987419
8238000 0.988957
8240000 0.98667
8242000 0.983924
8244000 0.982418
8246000 0.981235
8248000 0.980225
8250000 0.98145
8252000 0.982173
8254000 0.981523
8256000 0.983268
8258000 0.986042
8260000 0.986226
8262000 0.98466
8264000 0.981036
8266000 0.978585
8268000 0.97778
8270000 0.976561
8272000 0.976646
8274000 0.973602
8276000 0.974012
8278000 0.976515
8280000 0.979702
8282000 0.978452
8284000 0.978356
8286000 0.980336
8288000 0.98066
8290000 0.981379
8292000 0.983365
8294000 0.981083
8296000 0.981511
8298000 0.982444
8300000 0.982733
8302000 0.984439
8304000 0.988529
8306000 0.98616
8308000 0.986264
8310000 0.984261
8312000 0.984606
8314000 0.983392
8316000 0.986157
8318000 0.986236
8320000 0.984714
8322000 0.984663
8324000 0.985773
8326000 0.986461
8328000 0.985293
8330000 0.985133
8332000 0.984673
8334000 0.984867
8336000 0.985303
8338000 0.9852
8340000 0.985487
8342000 0.985252
8344000 0.986131
8346000 0.984234
8348000 0.983407
8350000 0.981742
8352000 0.981723
8354000 0.982047
8356000 0.982437
8358000 0.983648
8360000 0.987084
8362000 0.985101
8364000 0.983276
8366000 0.981648
8368000 0.9822
8370000 0.980897
8372000 0.978103
8374000 0.979908
8376000 0.980989
8378000 0.984217
8380000 0.985416
8382000 0.98509
8384000 0.984927
8386000 0.982537
8388000 0.979937
8390000 0.979983
8392000 0.981189
8394000 0.981429
8396000 0.982105
8398000 0.980874
8400000 0.979972
8402000 0.980999
8404000 0.983684
8406000 0.982552
8408000 0.980983
8410000 0.982057
8412000 0.982416
8414000 0.981467
8416000 0.980997
8418000 0.982478
8420000 0.981612
8422000 0.982747
8424000 0.9831
8426000 0.980143
8428000 0.981924
8430000 0.982963
8432000 0.98245
8434000 0.98481
8436000 0.984579
8438000 0.983821
8440000 0.983989
8442000 0.984141
8444000 0.986876
8446000 0.988685
8448000 0.989212
8450000 0.98669
8452000 0.985286
8454000 0.983613
8456000 0.986187
8458000 0.98833
8460000 0.984532
8462000 0.98583
8464000 0.99035
8466000 0.992228
8468000 0.991977
8470000 0.994083
8472000 0.991122
8474000 0.989806
8476000 0.988847
8478000 0.989575
8480000 0.986384
8482000 0.984331
8484000 0.984015
8486000 0.981848
8488000 0.982362
8490000 0.984087
8492000 0.9815
8494000 0.982856
8496000 0.983772
8498000 0.981134
8500000 0.979072
8502000 0.978328
8504000 0.977853
8506000 0.9773
8508000 0.975619
8510000 0.976319
8512000 0.973805
8514000 0.974694
8516000 0.978151
8518000 0.980984
8520000 0.98039
8522000 0.982286
8524000 0.981869
8526000 0.980059
8528000 0.978155
8530000 0.978612
8532000 0.980853
8534000 0.983267
8536000 0.986295
8538000 0.982968
8540000 0.983135
8542000 0.984867
8544000 0.98274
8546000 0.979864
8548000 0.980654
8550000 0.981574
8552000 0.981006
8554000 0.980785
8556000 0.980502
8558000 0.98148
8560000 0.981045
8562000 0.982859
8564000 0.982297
8566000 0.980487
8568000 0.981154
8570000 0.980695
8572000 0.978701
8574000 0.978847
8576000 0.978102
8578000 0.976914
8580000 0.975467
8582000 0.976028
8584000 0.975231
8586000 0.976666
8588000 0.976614
8590000 0.973903
8592000 0.975144
8594000 0.975528
8596000 0.977744
8598000 0.979792
8600000 0.980705
8602000 0.98225
8604000 0.984239
8606000 0.985841
8608000 0.987511
8610000 0.986784
8612000 0.985619
8614000 0.98678
8616000 0.987162
8618000 0.985379
8620000 0.982777
8622000 0.97983
8624000 0.981777
8626000 0.981725
8628000 0.979586
8630000 0.976629
8632000 0.976684
8634000 0.978858
8636000 0.979763
8638000 0.979998
8640000 0.981669
8642000 0.981112
8644000 0.982187
8646000 0.983247
8648000 0.983347
8650000 0.981229
8652000 0.982015
8654000 0.982991
8656000 0.980454
8658000 0.97849
8660000 0.977661
8662000 0.978926
8664000 0.977472
8666000 0.977346
8668000 0.979088
8670000 0.982255
8672000 0.980745
8674000 0.98032
8676000 0.980877
8678000 0.985241
8680000 0.985914
8682000 0.987223
8684000 0.986367
8686000 0.985226
8688000 0.983069
8690000 0.981216
8692000 0.977133
8694000 0.9771
8696000 0.978886
8698000 0.979473
8700000 0.981283
8702000 0.981861
8704000 0.980964
8706000 0.981781
8708000 0.980567
8710000 0.980801
8712000 0.977814
8714000 0.977988
8716000 0.979524
8718000 0.980494
8720000 0.981861
8722000 0.981058
8724000 0.981316
8726000 0.979969
8728000 0.977649
8730000 0.976573
8732000 0.976967
8734000 0.975438
8736000 0.975984
8738000 0.97781
8740000 0.97989
8742000 0.978184
8744000 0.979025
8746000 0.982104
8748000 0.980779
8750000 0.982614
8752000 0.979607
8754000 0.978454
8756000 0.979819
8758000 0.979688
8760000 0.980054
8762000 0.982068
8764000 0.982618
8766000 0.980449
8768000 0.9813
8770000 0.984114
8772000 0.985154
8774000 0.985143
8776000 0.986617
8778000 0.984256
8780000 0.984371
8782000 0.983553
8784000 0.98294
8786000 0.980283
8788000 0.978167
8790000 0.978064
8792000 0.980743
8794000 0.983154
8796000 0.98635
8798000 0.990389
8800000 0.993558
8802000 0.992091
8804000 0.987649
8806000 0.984417
8808000 0.984765
8810000 0.985534
8812000 0.986298
8814000 0.985453
8816000 0.982975
8818000 0.984697
8820000 0.983939
8822000 0.983293
8824000 0.982743
8826000 0.981128
8828000 0.976553
8830000 0.976887
8832000 0.979874
8834000 0.980627
8836000 0.976117
8838000 0.974046
8840000 0.97572
8842000 0.979286
8844000 0.983961
8846000 0.985189
8848000 0.986123
8850000 0.984389
8852000 0.981557
8854000 0.979761
8856000 0.979246
8858000 0.98168
8860000 0.981556
8862000 0.982069
8864000 0.980054
8866000 0.976504
8868000 0.976377
8870000 0.978362
8872000 0.978804
8874000 0.979282
8876000 0.978206
8878000 0.976973
8880000 0.97515
8882000 0.974524
8884000 0.974251
8886000 0.973637
8888000 0.972033
8890000 0.974402
8892000 0.976267
8894000 0.976748
8896000 0.97691
8898000 0.978496
8900000 0.979139
8902000 0.977236
8904000 0.97747
8906000 0.976348
8908000 0.975852
8910000 0.973651
8912000 0.971871
8914000 0.973161
8916000 0.97376
8918000 0.973876
8920000 0.974578
8922000 0.974205
8924000 0.974604
8926000 0.972624
8928000 0.974227
8930000 0.972678
8932000 0.974582
8934000 0.977592
8936000 0.977505
8938000 0.978355
8940000 0.980147
8942000 0.978967
8944000 0.976598
8946000 0.97695
8948000 0.976105
8950000 0.977698
8952000 0.979667
8954000 0.979333
8956000 0.981301
8958000 0.980196
8960000 0.981981
8962000 0.985422
8964000 0.98674
8966000 0.986024
8968000 0.983816
8970000 0.98446
8972000 0.983774
8974000 0.981947
8976000 0.97926
8978000 0.979527
8980000 0.980595
8982000 0.980599
8984000 0.979081
8986000 0.977443
8988000 0.977734
8990000 0.979546
8992000 0.981014
8994000 0.982395
8996000 0.985174
8998000 0.986829
9000000 0.98736
9002000 0.986603
9004000 0.983213
9006000 0.983197
9008000 0.982507
9010000 0.978759
9012000 0.97702
9014000 0.979305
9016000 0.981746
9018000 0.982015
9020000 0.981855
9022000 0.984851
9024000 0.984352
9026000 0.981691
9028000 0.983705
9030000 0.983473
9032000 0.983083
9034000 0.982497
9036000 0.981711
9038000 0.979605
9040000 0.980245
9042000 0.979968
9044000 0.978525
9046000 0.979827
9048000 0.980248
9050000 0.981252
9052000 0.977783
9054000 0.977678
9056000 0.978734
9058000 0.980844
9060000 0.979683
9062000 0.980187
9064000 0.980126
9066000 0.979462
9068000 0.980714
9070000 0.979762
9072000 0.982829
9074000 0.98404
9076000 0.983533
9078000 0.985661
9080000 0.985976
9082000 0.988939
9084000 0.989613
9086000 0.988753
9088000 0.989341
9090000 0.988024
9092000 0.984523
9094000 0.985446
9096000 0.989067
9098000 0.988995
9100000 0.987087
9102000 0.986822
9104000 0.986653
9106000 0.990198
9108000 0.990181
9110000 0.989206
9112000 0.983559
9114000 0.981297
9116000 0.980086
9118000 0.977935
9120000 0.980938
9122000 0.979259
9124000 0.980606
9126000 0.979913
9128000 0.980482
9130000 0.982987
9132000 0.983474
9134000 0.983461
9136000 0.982053
9138000 0.979425
9140000 0.980206
9142000 0.978218
9144000 0.978808
9146000 0.980048
9148000 0.980573
9150000 0.980992
9152000 0.981224
9154000 0.979752
9156000 0.981549
9158000 0.983658
9160000 0.984498
9162000 0.98265
9164000 0.982852
9166000 0.983894
9168000 0.982592
9170000 0.982769
9172000 0.979468
9174000 0.978224
9176000 0.978422
9178000 0.977661
9180000 0.976838
9182000 0.976048
9184000 0.975791
9186000 0.979536
9188000 0.979392
9190000 0.979894
9192000 0.979015
9194000 0.979854
9196000 0.978702
9198000 0.979266
9200000 0.979582
9202000 0.97971
9204000 0.979868
9206000 0.977479
9208000 0.974215
9210000 0.973553
9212000 0.974807
9214000 0.978505
9216000 0.980937
9218000 0.980839
9220000 0.981521
9222000 0.981339
9224000 0.981896
9226000 0.980962
9228000 0.979854
9230000 0.978932
9232000 0.976285
9234000 0.977006
9236000 0.976574
9238000 0.975188
9240000 0.973343
9242000 0.971948
9244000 0.972091
9246000 0.975059
9248000 0.97703
9250000 0.977312
9252000 0.977001
9254000 0.980413
9256000 0.981753
9258000 0.98381
9260000 0.984868
9262000 0.983712
9264000 0.980841
9266000 0.980673
9268000 0.979821
9270000 0.979506
9272000 0.981045
9274000 0.982852
9276000 0.98481
9278000 0.987911
9280000 0.989079
9282000 0.986359
9284000 0.986481
9286000 0.986902
9288000 0.986587
9290000 0.988813
9292000 0.991737
9294000 0.989893
9296000 0.988332
9298000 0.990377
9300000 0.988563
9302000 0.989483
9304000 0.989176
9306000 0.988892
9308000 0.989275
9310000 0.98981
9312000 0.991056
9314000 0.992062
9316000 0.99336
9318000 0.993755
9320000 0.992547
9322000 0.991398
9324000 0.990405
9326000 0.987417
9328000 0.98796
9330000 0.988819
9332000 0.989387
9334000 0.989745
9336000 0.986459
9338000 0.986969
9340000 0.987865
9342000 0.985686
9344000 0.986176
9346000 0.985381
9348000 0.984937
9350000 0.984208
9352000 0.985206
9354000 0.984166
9356000 0.982666
9358000 0.979034
9360000 0.976241
9362000 0.97759
9364000 0.980053
9366000 0.981107
9368000 0.982537
9370000 0.981777
9372000 0.981785
9374000 0.984568
9376000 0.984385
9378000 0.981216
9380000 0.979981
9382000 0.979931
9384000 0.979122
9386000 0.978149
9388000 0.979577
9390000 0.981775
9392000 0.98151
9394000 0.979845
9396000 0.979424
9398000 0.980996
9400000 0.982619
9402000 0.98189
9404000 0.980547
9406000 0.98097
9408000 0.980225
9410000 0.982239
9412000 0.98237
9414000 0.983365
9416000 0.981415
9418000 0.980774
9420000 0.979783
9422000 0.977391
9424000 0.977764
9426000 0.979001
9428000 0.980056
9430000 0.983002
9432000 0.983457
9434000 0.984283
9436000 0.982628
9438000 0.982488
9440000 0.984267
9442000 0.986342
9444000 0.986665
9446000 0.98582
9448000 0.985781
9450000 0.987637
9452000 0.986886
9454000 0.9857
9456000 0.983851
9458000 0.983613
9460000 0.983014
9462000 0.978932
9464000 0.979037
9466000 0.97699
9468000 0.979
9470000 0.979101
9472000 0.978602
9474000 0.980554
9476000 0.982757
9478000 0.982231
9480000 0.981182
9482000 0.982527
9484000 0.981655
9486000 0.982557
9488000 0.98443
9490000 0.982255
9492000 0.982084
9494000 0.98304
9496000 0.981551
9498000 0.979355
9500000 0.98005
9502000 0.979848
9504000 0.980162
9506000 0.978217
9508000 0.981548
9510000 0.980439
9512000 0.980441
9514000 0.97912
9516000 0.977757
9518000 0.977114
9520000 0.975645
9522000 0.978444
9524000 0.980691
9526000 0.979158
9528000 0.983073
9530000 0.986299
9532000 0.983052
9534000 0.982045
9536000 0.982434
9538000 0.983298
9540000 0.983498
9542000 0.9853
9544000 0.985959
9546000 0.987087
9548000 0.988907
9550000 0.989631
9552000 0.985325
9554000 0.984717
9556000 0.983985
9558000 0.983905
9560000 0.984129
9562000 0.982569
9564000 0.982869
9566000 0.983839
9568000 0.983687
9570000 0.983429
9572000 0.977746
9574000 0.979402
9576000 0.982106
9578000 0.984389
9580000 0.984122
9582000 0.98521
9584000 0.986226
9586000 0.983411
9588000 0.980949
9590000 0.978671
9592000 0.978436
9594000 0.981292
9596000 0.980093
9598000 0.979945
9600000 0.984011
9602000 0.985984
9604000 0.985287
9606000 0.984242
9608000 0.982759
9610000 0.983834
9612000 0.983682
9614000 0.981741
9616000 0.98315
9618000 0.986349
9620000 0.983613
9622000 0.98274
9624000 0.985006
9626000 0.982786
9628000 0.980178
9630000 0.982936
9632000 0.985742
9634000 0.983954
9636000 0.981058
9638000 0.980259
9640000 0.982815
9642000 0.985954
9644000 0.987969
9646000 0.986075
9648000 0.986755
9650000 0.987225
9652000 0.984772
9654000 0.986595
9656000 0.986662
9658000 0.983785
9660000 0.98199
9662000 0.984005
9664000 0.983896
9666000 0.985709
9668000 0.985184
9670000 0.982852
9672000 0.980482
9674000 0.980277
9676000 0.979985
9678000 0.978057
9680000 0.977383
9682000 0.980679
9684000 0.983839
9686000 0.981603
9688000 0.980565
9690000 0.982563
9692000 0.984214
9694000 0.983255
9696000 0.984262
9698000 0.98673
9700000 0.986285
9702000 0.987827
9704000 0.989453
9706000 0.989118
9708000 0.988998
9710000 0.989651
9712000 0.990272
9714000 0.98892
9716000 0.988586
9718000 0.985958
9720000 0.98065
9722000 0.978312
9724000 0.980362
9726000 0.981877
9728000 0.981309
9730000 0.981722
9732000 0.981932
9734000 0.984476
9736000 0.98519
9738000 0.987122
9740000 0.985476
9742000 0.982564
9744000 0.98116
9746000 0.980441
9748000 0.97727
9750000 0.979333
9752000 0.980574
9754000 0.982218
9756000 0.979944
9758000 0.978701
9760000 0.980083
9762000 0.983362
9764000 0.986096
9766000 0.986347
9768000 0.986267
9770000 0.984137
9772000 0.983981
9774000 0.983562
9776000 0.984056
9778000 0.982045
9780000 0.981213
9782000 0.978813
9784000 0.978034
9786000 0.977024
9788000 0.977436
9790000 0.978927
9792000 0.978802
9794000 0.977725
9796000 0.977851
9798000 0.977519
9800000 0.976169
9802000 0.978082
9804000 0.979893
9806000 0.981779
9808000 0.981751
9810000 0.982004
9812000 0.984063
9814000 0.983685
9816000 0.984508
9818000 0.985834
9820000 0.987651
9822000 0.98678
9824000 0.986942
9826000 0.985561
9828000 0.989336
9830000 0.987872
9832000 0.987055
9834000 0.987422
9836000 0.98772
9838000 0.988398
9840000 0.984248
9842000 0.981251
9844000 0.983321
9846000 0.982088
9848000 0.980696
9850000 0.981542
9852000 0.984051
9854000 0.981826
9856000 0.982122
9858000 0.983971
9860000 0.98722
9862000 0.984313
9864000 0.980804
9866000 0.980998
9868000 0.98402
9870000 0.982842
9872000 0.982451
9874000 0.985147
9876000 0.984068
9878000 0.98203
9880000 0.981462
9882000 0.981394
9884000 0.980525
9886000 0.979243
9888000 0.980874
9890000 0.983288
9892000 0.983072
9894000 0.983151
9896000 0.981561
9898000 0.983153
9900000 0.986331
9902000 0.984969
9904000 0.982611
9906000 0.98108
9908000 0.98215
9910000 0.982079
9912000 0.981866
9914000 0.981314
9916000 0.979679
9918000 0.981535
9920000 0.983412
9922000 0.983972
9924000 0.981486
9926000 0.984829
9928000 0.984563
9930000 0.982902
9932000 0.98314
9934000 0.98145
9936000 0.979779
9938000 0.979396
9940000 0.981424
9942000 0.979506
9944000 0.978864
9946000 0.978353
9948000 0.978465
9950000 0.978243
9952000 0.975445
9954000 0.97503
9956000 0.975575
9958000 0.973757
9960000 0.974423
9962000 0.976031
9964000 0.977052
9966000 0.979415
9968000 0.980749
9970000 0.981155
9972000 0.982036
9974000 0.980756
9976000 0.979876
9978000 0.98294
9980000 0.984286
9982000 0.983209
9984000 0.981581
9986000 0.978684
9988000 0.978913
9990000 0.979615
9992000 0.978909
9994000 0.978514
9996000 0.982519
9998000 0.983838
10000000 0.982081
10002000 0.982509
10004000 0.982482
10006000 0.983782
10008000 0.985106
10010000 0.986143
10012000 0.984523
10014000 0.984589
10016000 0.983895
10018000 0.986262
10020000 0.986195
10022000 0.987319
10024000 0.984722
10026000 0.984191
10028000 0.984287
10030000 0.985183
10032000 0.983485
10034000 0.987923
10036000 0.988376
10038000 0.989124
10040000 0.989099
10042000 0.987509
10044000 0.98797
10046000 0.988534
10048000 0.987462
10050000 0.985736
10052000 0.983934
10054000 0.9835
10056000 0.982711
10058000 0.984583
10060000 0.979189
10062000 0.978117
10064000 0.979244
10066000 0.98001
10068000 0.980056
10070000 0.977128
10072000 0.976212
10074000 0.975708
10076000 0.975008
10078000 0.974282
10080000 0.976618
10082000 0.978582
10084000 0.978589
10086000 0.977811
10088000 0.978196
10090000 0.978732
10092000 0.978288
10094000 0.979957
10096000 0.9814
10098000 0.98402
10100000 0.985327
10102000 0.987659
10104000 0.987229
10106000 0.98701
10108000 0.986811
10110000 0.987317
10112000 0.9848
10114000 0.981989
10116000 0.983153
10118000 0.980615
10120000 0.980761
10122000 0.980549
10124000 0.980736
10126000 0.978904
10128000 0.980837
10130000 0.983215
10132000 0.9849
10134000 0.983801
10136000 0.982554
10138000 0.980769
10140000 0.979077
10142000 0.97913
10144000 0.978827
10146000 0.979876
10148000 0.981977
10150000 0.983223
10152000 0.982876
10154000 0.980911
10156000 0.979791
10158000 0.979971
10160000 0.980343
10162000 0.979032
10164000 0.976339
10166000 0.979204
10168000 0.980315
10170000 0.979984
10172000 0.979079
10174000 0.979176
10176000 0.979151
10178000 0.97911
10180000 0.978723
10182000 0.981353
10184000 0.982466
10186000 0.982678
10188000 0.983437
10190000 0.979401
10192000 0.97847
10194000 0.97999
10196000 0.983457
10198000 0.98409
10200000 0.983711
10202000 0.98305
10204000 0.98307
10206000 0.985392
10208000 0.98401
10210000 0.981152
10212000 0.979755
10214000 0.980499
10216000 0.983892
10218000 0.986238
10220000 0.984749
10222000 0.983092
10224000 0.98083
10226000 0.980789
10228000 0.983436
10230000 0.981055
10232000 0.978833
10234000 0.978256
10236000 0.98143
10238000 0.980911
10240000 0.978555
10242000 0.976272
10244000 0.976053
10246000 0.975866
10248000 0.976842
10250000 0.97754
10252000 0.978686
10254000 0.979538
10256000 0.979975
10258000 0.980236
10260000 0.982037
10262000 0.984235
10264000 0.985435
10266000 0.983797
10268000 0.985293
10270000 0.984707
10272000 0.983833
10274000 0.984696
10276000 0.984829
10278000 0.985551
10280000 0.985872
10282000 0.984922
10284000 0.987644
10286000 0.987772
10288000 0.983068
10290000 0.980887
10292000 0.982033
10294000 0.983706
10296000 0.984302
10298000 0.981108
10300000 0.980871
10302000 0.980035
10304000 0.981994
10306000 0.983627
10308000 0.981654
10310000 0.98403
10312000 0.985436
10314000 0.983753
10316000 0.983214
10318000 0.983119
10320000 0.98148
10322000 0.980014
10324000 0.981389
10326000 0.982205
10328000 0.983192
10330000 0.983232
10332000 0.982733
10334000 0.983577
10336000 0.984699
10338000 0.983378
10340000 0.983346
10342000 0.98214
10344000 0.981671
10346000 0.982072
10348000 0.983058
10350000 0.982988
10352000 0.983496
10354000 0.982317
10356000 0.982097
10358000 0.986118
10360000 0.987242
10362000 0.984653
10364000 0.985312
10366000 0.985178
10368000 0.984229
10370000 0.984395
10372000 0.984198
10374000 0.985351
10376000 0.985159
10378000 0.983201
10380000 0.982143
10382000 0.98359
10384000 0.985453
10386000 0.988257
10388000 0.987297
10390000 0.988086
10392000 0.988283
10394000 0.990206
10396000 0.987595
10398000 0.98444
10400000 0.982856
10402000 0.985102
10404000 0.986
10406000 0.984753
10408000 0.984783
10410000 0.985986
10412000 0.988665
10414000 0.990464
10416000 0.99129
10418000 0.990906
10420000 0.992967
10422000 0.99458
10424000 0.993922
10426000 0.990966
10428000 0.990582
10430000 0.991157
10432000 0.990254
10434000 0.991661
10436000 0.987814
10438000 0.989932
10440000 0.991922
10442000 0.991416
10444000 0.988095
10446000 0.984397
10448000 0.982488
10450000 0.983381
10452000 0.984812
10454000 0.98645
10456000 0.985307
10458000 0.982418
10460000 0.981338
10462000 0.982739
10464000 0.980283
10466000 0.976983
10468000 0.978777
10470000 0.980187
10472000 0.979346
10474000 0.977511
10476000 0.979378
10478000 0.979301
10480000 0.978316
10482000 0.979689
10484000 0.980313
10486000 0.980371
10488000 0.981932
10490000 0.984837
10492000 0.985653
10494000 0.985895
10496000 0.987091
10498000 0.986968
10500000 0.989863
10502000 0.990503
10504000 0.991114
10506000 0.990643
10508000 0.988956
10510000 0.989661
10512000 0.987519
10514000 0.98599
10516000 0.98477
10518000 0.985985
10520000 0.98823
10522000 0.990107
10524000 0.991182
10526000 0.989259
10528000 0.986706
10530000 0.984176
10532000 0.984729
10534000 0.983674
10536000 0.981303
10538000 0.981235
10540000 0.982451
10542000 0.980789
10544000 0.979874
10546000 0.9823
10548000 0.981901
10550000 0.979777
10552000 0.9756
10554000 0.975486
10556000 0.973855
10558000 0.973928
10560000 0.974061
10562000 0.973447
10564000 0.974981
10566000 0.976743
10568000 0.977619
10570000 0.978764
10572000 0.978757
10574000 0.980404
10576000 0.976101
10578000 0.974579
10580000 0.975535
10582000 0.979
10584000 0.980349
10586000 0.978594
10588000 0.980087
10590000 0.981053
10592000 0.982121
10594000 0.981274
10596000 0.979503
10598000 0.979565
10600000 0.979739
10602000 0.982099
10604000 0.98363
10606000 0.983418
10608000 0.985612
10610000 0.983874
10612000 0.98265
10614000 0.983509
10616000 0.982649
10618000 0.983239
10620000 0.981075
10622000 0.978987
10624000 0.979214
10626000 0.980775
10628000 0.981863
10630000 0.980632
10632000 0.983249
10634000 0.987522
10636000 0.986774
10638000 0.987231
10640000 0.99138
10642000 0.991652
10644000 0.991822
10646000 0.992521
10648000 0.992006
10650000 0.990424
10652000 0.98669
10654000 0.98559
10656000 0.988497
10658000 0.989877
10660000 0.986618
10662000 0.987652
10664000 0.984152
10666000 0.981952
10668000 0.980299
10670000 0.978898
10672000 0.978014
10674000 0.979174
10676000 0.982378
10678000 0.982267
10680000 0.980683
10682000 0.979353
10684000 0.978483
10686000 0.976565
10688000 0.978891
10690000 0.982687
10692000 0.982798
10694000 0.984257
10696000 0.984989
10698000 0.986414
10700000 0.988028
10702000 0.985027
10704000 0.983412
10706000 0.980114
10708000 0.977144
10710000 0.977125
10712000 0.977213
10714000 0.975147
10716000 0.97747
10718000 0.977621
10720000 0.980203
10722000 0.980661
10724000 0.982796
10726000 0.984229
10728000 0.98455
10730000 0.985867
10732000 0.986333
10734000 0.98731
10736000 0.987591
10738000 0.986874
10740000 0.984937
10742000 0.983335
10744000 0.983611
10746000 0.982524
10748000 0.98274
10750000 0.982407
10752000 0.982768
10754000 0.982362
10756000 0.981948
10758000 0.984564
10760000 0.989903
10762000 0.989224
10764000 0.988847
10766000 0.986373
10768000 0.981607
10770000 0.979253
10772000 0.980133
10774000 0.979982
10776000 0.982027
10778000 0.98069
10780000 0.981424
10782000 0.981452
10784000 0.981211
10786000 0.980777
10788000 0.981311
10790000 0.978826
10792000 0.978945
10794000 0.978192
10796000 0.980455
10798000 0.981286
10800000 0.979993
10802000 0.982123
10804000 0.984731
10806000 0.985813
10808000 0.984442
10810000 0.980021
10812000 0.979764
10814000 0.980228
10816000 0.979418
10818000 0.979489
10820000 0.978628
10822000 0.97953
10824000 0.981073
10826000 0.986376
10828000 0.987141
10830000 0.985449
10832000 0.984142
10834000 0.981208
10836000 0.979495
10838000 0.981879
10840000 0.983918
10842000 0.985232
10844000 0.987706
10846000 0.989578
10848000 0.98937
10850000 0.988555
10852000 0.988299
10854000 0.988156
10856000 0.98697
10858000 0.983476
10860000 0.982992
10862000 0.985427
10864000 0.984787
10866000 0.986075
10868000 0.986047
10870000 0.986254
10872000 0.986603
10874000 0.987593
10876000 0.989626
10878000 0.988862
10880000 0.986568
10882000 0.98721
10884000 0.989261
10886000 0.990773
10888000 0.988365
10890000 0.989208
10892000 0.988965
10894000 0.98639
10896000 0.983549
10898000 0.984054
10900000 0.985334
10902000 0.986991
10904000 0.987662
10906000 0.985672
10908000 0.986676
10910000 0.986329
10912000 0.985037
10914000 0.985117
10916000 0.982838
10918000 0.984448
10920000 0.984267
10922000 0.981519
10924000 0.980763
10926000 0.979895
10928000 0.981044
10930000 0.981601
10932000 0.9828
10934000 0.98273
10936000 0.982597
10938000 0.98216
10940000 0.983579
10942000 0.981937
10944000 0.98129
10946000 0.980857
10948000 0.978967
10950000 0.977783
10952000 0.978546
10954000 0.98018
10956000 0.980102
10958000 0.980356
10960000 0.978818
10962000 0.979785
10964000 0.977127
10966000 0.974312
10968000 0.976647
10970000 0.978687
10972000 0.980817
10974000 0.982676
10976000 0.983074
10978000 0.981369
10980000 0.981169
10982000 0.980798
10984000 0.980836
10986000 0.977134
10988000 0.97414
10990000 0.975035
10992000 0.975185
10994000 0.974815
10996000 0.97633
10998000 0.977218
11000000 0.980972
11002000 0.979767
11004000 0.97997
11006000 0.984066
11008000 0.982216
11010000 0.98091
11012000 0.979065
11014000 0.978546
11016000 0.978327
11018000 0.976091
11020000 0.977418
11022000 0.978626
11024000 0.97911
11026000 0.979428
11028000 0.979133
11030000 0.977206
11032000 0.978878
11034000 0.982389
11036000 0.980806
11038000 0.97947
11040000 0.981418
11042000 0.981855
11044000 0.980138
11046000 0.983669
11048000 0.984402
11050000 0.986683
11052000 0.986496
11054000 0.988313
11056000 0.987083
11058000 0.982686
11060000 0.982754
11062000 0.983587
11064000 0.981984
11066000 0.981223
11068000 0.980312
11070000 0.978692
11072000 0.977505
11074000 0.981235
11076000 0.982356
11078000 0.981044
11080000 0.981527
11082000 0.981133
11084000 0.979162
11086000 0.978605
11088000 0.980419
11090000 0.97865
11092000 0.979149
11094000 0.981664
11096000 0.982786
11098000 0.986336
11100000 0.988531
11102000 0.989755
11104000 0.991474
11106000 0.993087
11108000 0.993044
11110000 0.991302
11112000 0.991101
11114000 0.991318
11116000 0.992763
11118000 0.989997
11120000 0.99081
11122000 0.986184
11124000 0.985767
11126000 0.985843
11128000 0.981949
11130000 0.982709
11132000 0.983969
11134000 0.983105
11136000 0.983623
11138000 0.985756
11140000 0.985359
11142000 0.980534
11144000 0.979482
11146000 0.982026
11148000 0.9833
11150000 0.98387
11152000 0.986428
11154000 0.985708
11156000 0.987637
11158000 0.987691
11160000 0.985799
11162000 0.985656
11164000 0.985418
11166000 0.982758
11168000 0.980482
11170000 0.979815
11172000 0.978882
11174000 0.977223
11176000 0.977873
11178000 0.979085
11180000 0.981374
11182000 0.980584
11184000 0.982382
11186000 0.982618
11188000 0.9819
11190000 0.978961
11192000 0.976258
11194000 0.978553
11196000 0.982108
11198000 0.984175
11200000 0.985386
11202000 0.982263
11204000 0.981491
11206000 0.98082
11208000 0.981384
11210000 0.982496
11212000 0.979977
11214000 0.978886
11216000 0.978635
11218000 0.97817
11220000 0.978509
11222000 0.980441
11224000 0.979117
11226000 0.979036
11228000 0.978969
11230000 0.978562
11232000 0.976589
11234000 0.979764
11236000 0.98001
11238000 0.978873
11240000 0.977215
11242000 0.976357
11244000 0.978704
11246000 0.979103
11248000 0.977868
11250000 0.977924
11252000 0.977561
11254000 0.974301
11256000 0.97695
11258000 0.977582
11260000 0.976479
11262000 0.977569
11264000 0.977728
11266000 0.980141
11268000 0.979706
11270000 0.977015
11272000 0.976813
11274000 0.978542
11276000 0.981042
11278000 0.982294
11280000 0.980605
11282000 0.981723
11284000 0.985177
11286000 0.985354
11288000 0.98375
11290000 0.982547
11292000 0.981689
11294000 0.981172
11296000 0.98068
11298000 0.980089
11300000 0.98186
11302000 0.981583
11304000 0.978085
11306000 0.979018
11308000 0.981284
11310000 0.984724
11312000 0.986128
11314000 0.983643
11316000 0.983714
11318000 0.984628
11320000 0.985024
11322000 0.984406
11324000 0.983486
11326000 0.986503
11328000 0.983582
11330000 0.982756
11332000 0.982648
11334000 0.983168
11336000 0.984638
11338000 0.984478
11340000 0.984055
11342000 0.983572
11344000 0.983721
11346000 0.984701
11348000 0.983824
11350000 0.983603
11352000 0.982346
11354000 0.982633
11356000 0.983654
11358000 0.984741
11360000 0.983076
11362000 0.983987
11364000 0.982955
11366000 0.980673
11368000 0.982337
11370000 0.982452
11372000 0.983384
11374000 0.981724
11376000 0.98314
11378000 0.982659
11380000 0.982377
11382000 0.980969
11384000 0.983248
11386000 0.982807
11388000 0.983706
11390000 0.985527
11392000 0.984821
11394000 0.982451
11396000 0.981759
11398000 0.978871
11400000 0.978539
11402000 0.97638
11404000 0.975377
11406000 0.974634
11408000 0.97373
11410000 0.973897
11412000 0.975958
11414000 0.977611
11416000 0.97824
11418000 0.980465
11420000 0.984223
11422000 0.987155
11424000 0.987052
11426000 0.989227
11428000 0.988993
11430000 0.984988
11432000 0.98438
11434000 0.98588
11436000 0.984991
11438000 0.982196
11440000 0.984421
11442000 0.984606
11444000 0.987465
11446000 0.987219
11448000 0.983189
11450000 0.984729
11452000 0.984117
11454000 0.984061
11456000 0.984522
11458000 0.98267
11460000 0.984879
11462000 0.985915
11464000 0.985032
11466000 0.982859
11468000 0.983021
11470000 0.978966
11472000 0.980657
11474000 0.979239
11476000 0.980534
11478000 0.980791
11480000 0.977213
11482000 0.978715
