# Time-averaged data for fix avgdeltasq
# TimeStep v_deltasqxy v_deltasqxz v_deltasqyz v_deltasqxx v_deltasqyy v_deltasqzz
0 0 0 0 0 0 0
2000 7.84106e+10 1.84927e+09 5.85621e+10 2.30283e+10 1.27231e+10 1.51742e+09
4000 9.15805e+10 2.50369e+09 9.06423e+10 1.89711e+11 1.75333e+10 2.63874e+11
6000 7.91901e+10 1.88364e+09 7.82282e+10 1.95506e+11 1.32257e+10 2.55218e+11
8000 6.83228e+10 2.41744e+10 6.63312e+10 2.42988e+11 6.71791e+10 2.0735e+11
10000 1.85279e+11 2.62007e+10 5.60527e+10 2.25515e+11 7.05754e+10 1.73749e+11
12000 1.8309e+11 2.24984e+10 4.80591e+10 2.32577e+11 9.16146e+10 1.49401e+11
14000 1.62566e+11 2.7652e+10 5.63144e+10 2.25384e+11 8.0269e+10 1.55761e+11
16000 1.46349e+11 2.50074e+10 9.80017e+10 2.01191e+11 8.09031e+10 1.4316e+11
18000 1.59415e+11 2.46997e+10 1.68226e+11 1.94257e+11 8.56306e+10 1.28846e+11
20000 1.47905e+11 2.29507e+10 1.55969e+11 2.11494e+11 7.78778e+10 1.54167e+11
22000 1.40781e+11 2.24895e+10 1.44694e+11 2.21987e+11 7.14043e+10 1.70809e+11
24000 1.3289e+11 3.06279e+10 1.36613e+11 2.33714e+11 7.0625e+10 2.14489e+11
26000 1.23461e+11 3.28929e+10 1.28778e+11 2.17183e+11 6.56001e+10 1.99465e+11
28000 1.18329e+11 6.6065e+10 1.26535e+11 2.06096e+11 6.49591e+10 1.86175e+11
30000 1.11391e+11 7.80014e+10 1.18626e+11 1.93605e+11 6.30186e+10 1.75231e+11
32000 1.07378e+11 8.53552e+10 1.12747e+11 1.83058e+11 6.05458e+10 1.69037e+11
34000 1.15836e+11 9.80003e+10 1.06868e+11 1.73906e+11 5.76019e+10 1.59777e+11
36000 1.11676e+11 9.40143e+10 1.01505e+11 1.65101e+11 5.78615e+10 1.57148e+11
38000 1.17754e+11 8.96317e+10 1.088e+11 1.6086e+11 5.64089e+10 1.59554e+11
40000 1.17072e+11 8.63526e+10 1.12012e+11 1.55422e+11 5.41499e+10 1.52657e+11
42000 1.11863e+11 8.24374e+10 1.07722e+11 1.49028e+11 5.26419e+10 1.45743e+11
44000 1.07138e+11 8.37421e+10 1.03487e+11 1.44279e+11 6.08631e+10 1.60177e+11
46000 1.02908e+11 8.05515e+10 1.12857e+11 1.39223e+11 6.69549e+10 1.57344e+11
48000 1.07366e+11 7.78166e+10 1.08996e+11 1.34881e+11 6.49258e+10 1.51141e+11
50000 1.26876e+11 9.16812e+10 1.23405e+11 1.31494e+11 7.03743e+10 1.62639e+11
52000 1.22495e+11 9.18888e+10 1.32596e+11 1.27745e+11 8.2656e+10 1.64454e+11
54000 1.20461e+11 8.94654e+10 1.31382e+11 1.23718e+11 8.2662e+10 1.64591e+11
56000 1.16314e+11 8.90639e+10 1.2791e+11 1.20164e+11 7.98767e+10 1.60123e+11
58000 1.12584e+11 9.51937e+10 1.23733e+11 1.1714e+11 7.72143e+10 1.55789e+11
60000 1.0952e+11 9.32732e+10 1.21364e+11 1.13508e+11 7.51317e+10 1.50829e+11
62000 1.06809e+11 9.86838e+10 1.18273e+11 1.10286e+11 7.33562e+10 1.4615e+11
64000 1.04083e+11 9.83185e+10 1.15951e+11 1.06944e+11 7.17022e+10 1.42334e+11
66000 1.01063e+11 9.61425e+10 1.1374e+11 1.08841e+11 7.81532e+10 1.3861e+11
68000 9.91369e+10 9.39447e+10 1.11337e+11 1.06606e+11 7.89234e+10 1.41771e+11
70000 9.64956e+10 9.2311e+10 1.10586e+11 1.07689e+11 8.29975e+10 1.58212e+11
72000 9.47141e+10 9.15866e+10 1.07597e+11 1.10655e+11 8.08393e+10 1.58484e+11
74000 9.3537e+10 8.98343e+10 1.05249e+11 1.07846e+11 8.61656e+10 1.60116e+11
76000 9.29934e+10 8.82768e+10 1.02802e+11 1.1276e+11 8.39566e+10 1.63786e+11
78000 9.06687e+10 8.9357e+10 1.00259e+11 1.17446e+11 8.18634e+10 1.66786e+11
80000 8.87787e+10 8.72217e+10 1.01149e+11 1.23391e+11 7.99342e+10 1.73137e+11
82000 8.79346e+10 8.51509e+10 9.87791e+10 1.20507e+11 7.96379e+10 1.70089e+11
84000 8.58896e+10 8.52466e+10 1.00356e+11 1.18631e+11 7.7814e+10 1.66766e+11
86000 8.61136e+10 8.43093e+10 1.00843e+11 1.18808e+11 8.17016e+10 1.63442e+11
88000 8.81963e+10 8.26725e+10 9.86711e+10 1.16271e+11 8.22775e+10 1.61311e+11
90000 8.64361e+10 8.10732e+10 9.82857e+10 1.14552e+11 8.21278e+10 1.5795e+11
92000 8.48288e+10 8.1059e+10 9.62372e+10 1.13334e+11 8.04303e+10 1.56352e+11
94000 8.55058e+10 8.0309e+10 9.49933e+10 1.11024e+11 7.87592e+10 1.53181e+11
96000 8.62705e+10 8.02835e+10 9.39069e+10 1.09942e+11 7.71639e+10 1.51012e+11
98000 8.52012e+10 7.87305e+10 9.21663e+10 1.08345e+11 7.57655e+10 1.49328e+11
100000 8.39306e+10 7.73562e+10 9.72874e+10 1.08582e+11 7.63742e+10 1.46408e+11
102000 8.67232e+10 7.63502e+10 1.02507e+11 1.11567e+11 8.82626e+10 1.45559e+11
104000 9.04316e+10 7.49098e+10 1.04108e+11 1.1486e+11 9.40709e+10 1.42981e+11
106000 9.14049e+10 7.79872e+10 1.02249e+11 1.18874e+11 9.83971e+10 1.40334e+11
108000 9.07057e+10 7.66547e+10 1.1177e+11 1.18067e+11 9.87372e+10 1.37869e+11
110000 9.0428e+10 7.54278e+10 1.15722e+11 1.17484e+11 9.8829e+10 1.35423e+11
112000 8.97114e+10 7.41411e+10 1.13868e+11 1.15426e+11 1.00082e+11 1.35848e+11
114000 8.8441e+10 7.45183e+10 1.14316e+11 1.17497e+11 1.02072e+11 1.33514e+11
116000 9.01466e+10 7.32719e+10 1.20613e+11 1.16773e+11 1.00815e+11 1.31443e+11
118000 8.92211e+10 7.22739e+10 1.19969e+11 1.16176e+11 1.0481e+11 1.30743e+11
120000 8.84566e+10 7.19431e+10 1.21093e+11 1.14272e+11 1.14394e+11 1.39758e+11
122000 8.92814e+10 7.10776e+10 1.19185e+11 1.12526e+11 1.20269e+11 1.43586e+11
124000 8.79071e+10 7.26305e+10 1.17332e+11 1.10915e+11 1.18753e+11 1.4135e+11
126000 8.67809e+10 7.1532e+10 1.1627e+11 1.09283e+11 1.17661e+11 1.39452e+11
128000 9.24048e+10 7.04515e+10 1.17318e+11 1.08517e+11 1.19031e+11 1.37989e+11
130000 9.23496e+10 7.00864e+10 1.18675e+11 1.07238e+11 1.17337e+11 1.35973e+11
132000 9.11908e+10 6.9042e+10 1.16981e+11 1.09806e+11 1.18381e+11 1.34081e+11
134000 9.00831e+10 6.95397e+10 1.15261e+11 1.08287e+11 1.19593e+11 1.34093e+11
136000 8.87853e+10 7.19544e+10 1.1379e+11 1.06739e+11 1.19263e+11 1.33915e+11
138000 8.87357e+10 7.15047e+10 1.14148e+11 1.05282e+11 1.18047e+11 1.32921e+11
140000 8.76902e+10 7.31321e+10 1.12547e+11 1.05001e+11 1.19644e+11 1.31551e+11
142000 8.68273e+10 7.24341e+10 1.11218e+11 1.05282e+11 1.18067e+11 1.30782e+11
144000 8.66641e+10 7.14948e+10 1.09988e+11 1.08202e+11 1.16521e+11 1.32308e+11
146000 8.59867e+10 7.05544e+10 1.08516e+11 1.13582e+11 1.15001e+11 1.36196e+11
148000 8.50732e+10 7.02844e+10 1.07347e+11 1.12877e+11 1.13823e+11 1.34472e+11
150000 8.59096e+10 6.93649e+10 1.06381e+11 1.12833e+11 1.12408e+11 1.34918e+11
152000 8.4861e+10 6.98479e+10 1.05631e+11 1.11374e+11 1.12243e+11 1.34655e+11
154000 8.41329e+10 6.93682e+10 1.04736e+11 1.10287e+11 1.10838e+11 1.33087e+11
156000 8.79222e+10 6.8646e+10 1.03414e+11 1.09299e+11 1.11382e+11 1.31975e+11
158000 9.14121e+10 6.83199e+10 1.02505e+11 1.08966e+11 1.10899e+11 1.3033e+11
160000 9.04568e+10 6.74766e+10 1.01358e+11 1.07778e+11 1.09834e+11 1.28745e+11
162000 8.9635e+10 6.74988e+10 1.01945e+11 1.08565e+11 1.10093e+11 1.27209e+11
164000 8.86658e+10 6.66927e+10 1.03099e+11 1.07486e+11 1.09055e+11 1.26707e+11
166000 9.18714e+10 6.71545e+10 1.01991e+11 1.08691e+11 1.08652e+11 1.25595e+11
168000 9.34379e+10 6.6518e+10 1.0136e+11 1.10432e+11 1.08612e+11 1.24508e+11
170000 1.00725e+11 6.81185e+10 1.00873e+11 1.10924e+11 1.08079e+11 1.23289e+11
172000 1.02919e+11 7.00776e+10 1.0002e+11 1.10143e+11 1.07735e+11 1.24595e+11
174000 1.02099e+11 7.3051e+10 9.88874e+10 1.08892e+11 1.08728e+11 1.25337e+11
176000 1.00983e+11 7.28676e+10 9.83058e+10 1.09611e+11 1.07854e+11 1.27863e+11
178000 9.98634e+10 7.98136e+10 9.82976e+10 1.15211e+11 1.08219e+11 1.28293e+11
180000 1.00122e+11 7.89597e+10 9.7499e+10 1.14146e+11 1.0977e+11 1.2834e+11
182000 9.90537e+10 7.84407e+10 9.70293e+10 1.14024e+11 1.08663e+11 1.27528e+11
184000 9.7994e+10 7.76231e+10 9.62095e+10 1.13848e+11 1.08496e+11 1.26157e+11
186000 9.73307e+10 7.90431e+10 9.52469e+10 1.12864e+11 1.0779e+11 1.26129e+11
188000 9.70511e+10 7.85871e+10 9.47647e+10 1.11758e+11 1.09697e+11 1.26926e+11
190000 9.998e+10 7.78903e+10 9.37776e+10 1.1134e+11 1.12628e+11 1.26936e+11
192000 9.89574e+10 7.7338e+10 9.43193e+10 1.10202e+11 1.11626e+11 1.2572e+11
194000 9.80888e+10 7.71203e+10 9.98976e+10 1.10783e+11 1.12611e+11 1.2446e+11
196000 9.71041e+10 7.73426e+10 1.03427e+11 1.09862e+11 1.1164e+11 1.23204e+11
198000 9.61488e+10 7.65793e+10 1.03418e+11 1.10161e+11 1.10528e+11 1.23219e+11
200000 9.55357e+10 7.87434e+10 1.02781e+11 1.10272e+11 1.12363e+11 1.22377e+11
202000 9.47132e+10 8.34772e+10 1.01781e+11 1.12902e+11 1.14481e+11 1.21195e+11
204000 9.56493e+10 8.56787e+10 1.01233e+11 1.12047e+11 1.14933e+11 1.20595e+11
206000 9.74051e+10 8.80065e+10 1.00388e+11 1.1112e+11 1.15342e+11 1.20145e+11
208000 1.0043e+11 8.80744e+10 9.99892e+10 1.11056e+11 1.14297e+11 1.20508e+11
210000 1.00292e+11 8.82762e+10 1.00698e+11 1.1001e+11 1.13548e+11 1.19649e+11
212000 9.96766e+10 8.77628e+10 1.00813e+11 1.09453e+11 1.12498e+11 1.19157e+11
214000 9.88794e+10 8.93604e+10 1.05172e+11 1.09093e+11 1.1227e+11 1.18062e+11
216000 9.85686e+10 9.19947e+10 1.04293e+11 1.09296e+11 1.11345e+11 1.17577e+11
218000 9.91494e+10 9.1362e+10 1.0419e+11 1.08359e+11 1.10768e+11 1.16686e+11
220000 9.84045e+10 9.05441e+10 1.0509e+11 1.08181e+11 1.09776e+11 1.16301e+11
222000 9.92281e+10 9.03107e+10 1.0556e+11 1.08382e+11 1.0894e+11 1.15754e+11
224000 9.9199e+10 9.00094e+10 1.04939e+11 1.07997e+11 1.0994e+11 1.15144e+11
226000 9.96996e+10 8.97853e+10 1.0502e+11 1.08884e+11 1.12018e+11 1.14286e+11
228000 9.98984e+10 8.90053e+10 1.04107e+11 1.08138e+11 1.11121e+11 1.13817e+11
230000 9.95245e+10 8.8874e+10 1.04329e+11 1.0746e+11 1.10909e+11 1.14708e+11
232000 9.8796e+10 8.84565e+10 1.0365e+11 1.07247e+11 1.10157e+11 1.13887e+11
234000 1.00059e+11 8.78019e+10 1.0292e+11 1.08495e+11 1.10782e+11 1.1297e+11
236000 9.94541e+10 8.80409e+10 1.0249e+11 1.08147e+11 1.10028e+11 1.12129e+11
238000 1.00646e+11 8.76179e+10 1.01657e+11 1.0735e+11 1.09184e+11 1.11197e+11
240000 9.98542e+10 8.83189e+10 1.00892e+11 1.08009e+11 1.08327e+11 1.124e+11
242000 9.93486e+10 8.95841e+10 1.00173e+11 1.12871e+11 1.078e+11 1.14705e+11
244000 9.86221e+10 8.94541e+10 1.01163e+11 1.12656e+11 1.08597e+11 1.18317e+11
246000 9.80779e+10 8.89025e+10 1.00455e+11 1.12823e+11 1.07887e+11 1.19447e+11
248000 9.73234e+10 8.88624e+10 9.96812e+10 1.12252e+11 1.07369e+11 1.19846e+11
250000 9.73717e+10 8.81574e+10 1.00911e+11 1.11405e+11 1.06749e+11 1.19373e+11
252000 9.90831e+10 8.74645e+10 1.00321e+11 1.1186e+11 1.05909e+11 1.19723e+11
254000 9.95594e+10 8.7594e+10 1.00553e+11 1.11055e+11 1.05176e+11 1.19114e+11
256000 9.97232e+10 8.90318e+10 1.01405e+11 1.1068e+11 1.04489e+11 1.18306e+11
258000 1.02456e+11 8.84032e+10 1.01115e+11 1.11082e+11 1.03726e+11 1.18235e+11
260000 1.02662e+11 8.86574e+10 1.00549e+11 1.10266e+11 1.06803e+11 1.21934e+11
262000 1.05685e+11 8.92151e+10 1.00039e+11 1.09795e+11 1.06319e+11 1.22391e+11
264000 1.05267e+11 8.90034e+10 9.93621e+10 1.09541e+11 1.05762e+11 1.2154e+11
266000 1.05197e+11 8.84265e+10 9.92196e+10 1.08802e+11 1.05445e+11 1.21568e+11
268000 1.04491e+11 8.79557e+10 9.8613e+10 1.07996e+11 1.06544e+11 1.22602e+11
270000 1.04353e+11 8.738e+10 9.81265e+10 1.07376e+11 1.06401e+11 1.23184e+11
272000 1.04312e+11 8.8193e+10 9.74806e+10 1.066e+11 1.07125e+11 1.23575e+11
274000 1.06634e+11 8.7751e+10 9.69681e+10 1.07008e+11 1.08519e+11 1.2283e+11
276000 1.06647e+11 8.75475e+10 9.62796e+10 1.07473e+11 1.0894e+11 1.21946e+11
278000 1.05885e+11 8.75285e+10 9.55925e+10 1.06864e+11 1.08561e+11 1.22137e+11
280000 1.05471e+11 8.69485e+10 9.60632e+10 1.09139e+11 1.08817e+11 1.21801e+11
282000 1.0473e+11 8.63547e+10 9.53899e+10 1.09543e+11 1.08658e+11 1.21036e+11
284000 1.04181e+11 8.65419e+10 9.49638e+10 1.09736e+11 1.10981e+11 1.20792e+11
286000 1.04612e+11 8.59608e+10 9.43431e+10 1.09189e+11 1.1092e+11 1.20097e+11
288000 1.04548e+11 8.54197e+10 9.46191e+10 1.10474e+11 1.10191e+11 1.21883e+11
290000 1.03863e+11 8.5026e+10 9.45528e+10 1.11898e+11 1.09438e+11 1.23094e+11
292000 1.03475e+11 8.45302e+10 9.45316e+10 1.11839e+11 1.08694e+11 1.22917e+11
294000 1.03279e+11 8.39817e+10 9.41736e+10 1.11128e+11 1.08525e+11 1.22379e+11
296000 1.03325e+11 8.36969e+10 9.35513e+10 1.11166e+11 1.07822e+11 1.22649e+11
298000 1.02877e+11 8.35892e+10 9.43453e+10 1.10492e+11 1.07443e+11 1.21936e+11
300000 1.05026e+11 8.30879e+10 9.50748e+10 1.09996e+11 1.06745e+11 1.21489e+11
302000 1.06639e+11 8.33146e+10 9.45213e+10 1.09683e+11 1.08566e+11 1.21588e+11
304000 1.09218e+11 8.35036e+10 9.4106e+10 1.09032e+11 1.0799e+11 1.20805e+11
306000 1.1031e+11 8.31193e+10 9.36854e+10 1.08325e+11 1.07302e+11 1.20029e+11
308000 1.10553e+11 8.29134e+10 9.32495e+10 1.0777e+11 1.06794e+11 1.1991e+11
310000 1.10912e+11 8.41531e+10 9.30293e+10 1.10344e+11 1.06633e+11 1.20315e+11
312000 1.103e+11 8.39087e+10 9.49039e+10 1.11085e+11 1.05955e+11 1.20912e+11
314000 1.09618e+11 8.40578e+10 9.43045e+10 1.10851e+11 1.05797e+11 1.20148e+11
316000 1.09888e+11 8.51831e+10 9.38192e+10 1.12721e+11 1.05292e+11 1.20837e+11
318000 1.15864e+11 8.5846e+10 9.35648e+10 1.12102e+11 1.04958e+11 1.20824e+11
320000 1.1594e+11 8.61887e+10 9.37489e+10 1.12075e+11 1.04325e+11 1.20537e+11
322000 1.15228e+11 8.63958e+10 9.39832e+10 1.11384e+11 1.03781e+11 1.19895e+11
324000 1.14666e+11 8.60437e+10 9.59918e+10 1.107e+11 1.03226e+11 1.19248e+11
326000 1.14038e+11 8.58372e+10 9.54087e+10 1.10331e+11 1.02618e+11 1.19013e+11
328000 1.13379e+11 8.59277e+10 9.53544e+10 1.09668e+11 1.02166e+11 1.18404e+11
330000 1.12721e+11 8.59196e+10 9.52209e+10 1.09437e+11 1.01798e+11 1.19019e+11
332000 1.12364e+11 8.55977e+10 9.49456e+10 1.10034e+11 1.01201e+11 1.19827e+11
334000 1.14349e+11 8.50882e+10 9.45923e+10 1.10276e+11 1.01592e+11 1.19117e+11
336000 1.17251e+11 8.50175e+10 9.52788e+10 1.09646e+11 1.01023e+11 1.18412e+11
338000 1.16764e+11 8.45178e+10 9.5444e+10 1.10176e+11 1.0155e+11 1.17717e+11
340000 1.16805e+11 8.40238e+10 9.59403e+10 1.09702e+11 1.0201e+11 1.17404e+11
342000 1.16192e+11 8.38365e+10 9.53923e+10 1.11714e+11 1.01422e+11 1.1961e+11
344000 1.15552e+11 8.34292e+10 9.50616e+10 1.11664e+11 1.00942e+11 1.2012e+11
346000 1.15533e+11 8.29576e+10 9.45513e+10 1.11085e+11 1.01071e+11 1.19779e+11
348000 1.15258e+11 8.47664e+10 9.46793e+10 1.10642e+11 1.00513e+11 1.19183e+11
350000 1.14613e+11 8.46832e+10 9.41602e+10 1.10759e+11 1.01532e+11 1.18664e+11
352000 1.14951e+11 8.47296e+10 9.45866e+10 1.11775e+11 1.02162e+11 1.18027e+11
354000 1.14305e+11 8.42662e+10 9.46935e+10 1.1194e+11 1.02154e+11 1.17384e+11
356000 1.13721e+11 8.38527e+10 9.45074e+10 1.11391e+11 1.01793e+11 1.17268e+11
358000 1.13327e+11 8.35068e+10 9.40353e+10 1.10995e+11 1.01397e+11 1.17398e+11
360000 1.1272e+11 8.30809e+10 9.35252e+10 1.10477e+11 1.00916e+11 1.1675e+11
362000 1.12232e+11 8.34306e+10 9.31772e+10 1.09901e+11 1.00487e+11 1.16391e+11
364000 1.125e+11 8.36286e+10 9.28231e+10 1.09353e+11 1.00212e+11 1.15842e+11
366000 1.12563e+11 8.36953e+10 9.42673e+10 1.09049e+11 1.00012e+11 1.1648e+11
368000 1.12636e+11 8.3988e+10 9.70875e+10 1.0943e+11 9.97324e+10 1.18089e+11
370000 1.14575e+11 8.42109e+10 9.7203e+10 1.0973e+11 9.92532e+10 1.1795e+11
372000 1.14777e+11 8.41975e+10 9.90629e+10 1.09304e+11 9.9269e+10 1.1862e+11
374000 1.15014e+11 8.43862e+10 9.86026e+10 1.08751e+11 9.88368e+10 1.18009e+11
376000 1.15015e+11 8.45782e+10 9.8155e+10 1.08857e+11 9.97608e+10 1.17527e+11
378000 1.17151e+11 8.47344e+10 9.7644e+10 1.09138e+11 1.04927e+11 1.19044e+11
380000 1.17063e+11 8.43629e+10 9.71639e+10 1.08603e+11 1.04389e+11 1.18508e+11
382000 1.17169e+11 8.40256e+10 9.70582e+10 1.0833e+11 1.04103e+11 1.17892e+11
384000 1.17843e+11 8.36108e+10 9.67474e+10 1.08389e+11 1.03661e+11 1.17508e+11
386000 1.17506e+11 8.31932e+10 9.63083e+10 1.07875e+11 1.03127e+11 1.16951e+11
388000 1.18853e+11 8.27776e+10 9.60259e+10 1.08057e+11 1.03274e+11 1.16353e+11
390000 1.18567e+11 8.23696e+10 9.602e+10 1.07974e+11 1.0281e+11 1.15947e+11
392000 1.18473e+11 8.21773e+10 9.57048e+10 1.08135e+11 1.02305e+11 1.15865e+11
394000 1.17982e+11 8.39162e+10 9.52233e+10 1.08615e+11 1.01814e+11 1.1601e+11
396000 1.17395e+11 8.36129e+10 9.50537e+10 1.08271e+11 1.0204e+11 1.15596e+11
398000 1.16808e+11 8.32146e+10 9.47405e+10 1.10034e+11 1.0195e+11 1.15774e+11
400000 1.16674e+11 8.28006e+10 9.54527e+10 1.0972e+11 1.01867e+11 1.15226e+11
402000 1.16221e+11 8.23907e+10 9.68552e+10 1.09608e+11 1.02435e+11 1.14799e+11
404000 1.15656e+11 8.20641e+10 9.70939e+10 1.11375e+11 1.03152e+11 1.14405e+11
406000 1.15526e+11 8.17946e+10 9.69023e+10 1.10875e+11 1.04571e+11 1.15225e+11
408000 1.15157e+11 8.14189e+10 9.64906e+10 1.10554e+11 1.05884e+11 1.15438e+11
410000 1.14624e+11 8.1056e+10 9.93872e+10 1.10539e+11 1.06776e+11 1.15093e+11
412000 1.1413e+11 8.08304e+10 9.89073e+10 1.10136e+11 1.08433e+11 1.17909e+11
414000 1.13615e+11 8.05751e+10 9.92767e+10 1.097e+11 1.11177e+11 1.19597e+11
416000 1.13842e+11 8.0216e+10 9.89605e+10 1.09469e+11 1.10761e+11 1.19066e+11
418000 1.14171e+11 8.10349e+10 9.87004e+10 1.09103e+11 1.10535e+11 1.18523e+11
420000 1.16487e+11 8.07061e+10 9.85828e+10 1.0859e+11 1.10058e+11 1.18041e+11
422000 1.16393e+11 8.03276e+10 1.00735e+11 1.08288e+11 1.11597e+11 1.18437e+11
424000 1.16564e+11 8.02531e+10 1.00647e+11 1.07869e+11 1.11547e+11 1.18855e+11
426000 1.16371e+11 8.05116e+10 1.02262e+11 1.08679e+11 1.11078e+11 1.20192e+11
428000 1.15851e+11 8.02397e+10 1.04345e+11 1.09065e+11 1.11118e+11 1.19672e+11
430000 1.15578e+11 8.18599e+10 1.03962e+11 1.08609e+11 1.10723e+11 1.19437e+11
432000 1.15903e+11 8.14973e+10 1.0431e+11 1.08716e+11 1.10457e+11 1.18968e+11
434000 1.15513e+11 8.25559e+10 1.06136e+11 1.08234e+11 1.09953e+11 1.18428e+11
436000 1.15126e+11 8.36152e+10 1.06602e+11 1.07873e+11 1.09499e+11 1.17909e+11
438000 1.14624e+11 8.43554e+10 1.07208e+11 1.07693e+11 1.09503e+11 1.17396e+11
440000 1.14542e+11 8.46465e+10 1.06968e+11 1.08723e+11 1.11031e+11 1.16901e+11
442000 1.14356e+11 8.45464e+10 1.06782e+11 1.08544e+11 1.10531e+11 1.16666e+11
444000 1.13933e+11 8.4308e+10 1.06311e+11 1.1016e+11 1.10305e+11 1.17011e+11
446000 1.13432e+11 8.43371e+10 1.0586e+11 1.11259e+11 1.10628e+11 1.16616e+11
448000 1.12932e+11 8.41829e+10 1.0546e+11 1.10874e+11 1.10691e+11 1.16268e+11
450000 1.12634e+11 8.38146e+10 1.04994e+11 1.11298e+11 1.10619e+11 1.1585e+11
452000 1.13397e+11 8.41707e+10 1.04566e+11 1.10873e+11 1.10156e+11 1.15509e+11
454000 1.13142e+11 8.3851e+10 1.04319e+11 1.10731e+11 1.10479e+11 1.15098e+11
456000 1.12708e+11 8.36867e+10 1.04364e+11 1.10615e+11 1.10027e+11 1.15203e+11
458000 1.13928e+11 8.3356e+10 1.04457e+11 1.10176e+11 1.09902e+11 1.15342e+11
460000 1.15104e+11 8.34893e+10 1.04089e+11 1.09713e+11 1.09447e+11 1.1491e+11
462000 1.15454e+11 8.3233e+10 1.03723e+11 1.09285e+11 1.09148e+11 1.14457e+11
464000 1.15177e+11 8.35704e+10 1.03278e+11 1.11102e+11 1.09163e+11 1.14633e+11
466000 1.14888e+11 8.35466e+10 1.02989e+11 1.12939e+11 1.08836e+11 1.15459e+11
468000 1.15052e+11 8.31934e+10 1.0258e+11 1.12592e+11 1.08466e+11 1.14971e+11
470000 1.14648e+11 8.29206e+10 1.02153e+11 1.1214e+11 1.08041e+11 1.14604e+11
472000 1.1447e+11 8.25946e+10 1.0209e+11 1.11902e+11 1.07667e+11 1.14714e+11
474000 1.15255e+11 8.23165e+10 1.02131e+11 1.11447e+11 1.09155e+11 1.16532e+11
476000 1.14858e+11 8.1979e+10 1.01969e+11 1.10981e+11 1.08702e+11 1.1605e+11
478000 1.14548e+11 8.17874e+10 1.01551e+11 1.10526e+11 1.08884e+11 1.16077e+11
480000 1.14075e+11 8.20654e+10 1.01215e+11 1.10868e+11 1.08754e+11 1.15703e+11
482000 1.1433e+11 8.18312e+10 1.00806e+11 1.10431e+11 1.08787e+11 1.15526e+11
484000 1.14218e+11 8.17281e+10 1.00411e+11 1.09978e+11 1.0871e+11 1.1546e+11
486000 1.14003e+11 8.14313e+10 1.00129e+11 1.10806e+11 1.09008e+11 1.15059e+11
488000 1.15976e+11 8.12168e+10 9.98822e+10 1.11235e+11 1.10403e+11 1.14764e+11
490000 1.16466e+11 8.08875e+10 9.98322e+10 1.11972e+11 1.11046e+11 1.143e+11
492000 1.16076e+11 8.07092e+10 9.99428e+10 1.12871e+11 1.11506e+11 1.13881e+11
494000 1.17654e+11 8.04053e+10 1.0073e+11 1.12632e+11 1.12283e+11 1.13834e+11
496000 1.17268e+11 8.06279e+10 1.00726e+11 1.12377e+11 1.12801e+11 1.13668e+11
498000 1.16819e+11 8.28694e+10 1.00596e+11 1.12907e+11 1.13801e+11 1.1326e+11
500000 1.17009e+11 8.44397e+10 1.00216e+11 1.13265e+11 1.14214e+11 1.12809e+11
502000 1.17288e+11 8.43243e+10 1.0028e+11 1.12913e+11 1.15144e+11 1.13108e+11
504000 1.17437e+11 8.40075e+10 9.98841e+10 1.12525e+11 1.15311e+11 1.12962e+11
506000 1.16978e+11 8.43683e+10 9.95003e+10 1.12512e+11 1.15064e+11 1.13751e+11
508000 1.16541e+11 8.40473e+10 9.91946e+10 1.12223e+11 1.14723e+11 1.13824e+11
510000 1.16088e+11 8.37235e+10 9.88083e+10 1.11926e+11 1.14554e+11 1.14197e+11
512000 1.15719e+11 8.38679e+10 9.88652e+10 1.11832e+11 1.14406e+11 1.13754e+11
514000 1.15356e+11 8.4096e+10 9.84977e+10 1.11551e+11 1.13969e+11 1.13408e+11
516000 1.15709e+11 8.4806e+10 9.81415e+10 1.12743e+11 1.13549e+11 1.14976e+11
518000 1.15265e+11 8.68003e+10 9.8039e+10 1.12682e+11 1.13122e+11 1.15031e+11
520000 1.14841e+11 8.81269e+10 9.81716e+10 1.12484e+11 1.12854e+11 1.14596e+11
522000 1.14498e+11 8.88823e+10 9.81663e+10 1.12168e+11 1.12526e+11 1.14159e+11
524000 1.15038e+11 8.97414e+10 9.77931e+10 1.11924e+11 1.12124e+11 1.1407e+11
526000 1.15367e+11 8.96385e+10 9.8397e+10 1.11578e+11 1.12535e+11 1.14042e+11
528000 1.16801e+11 8.93151e+10 9.81908e+10 1.11198e+11 1.12486e+11 1.1378e+11
530000 1.16422e+11 8.91385e+10 9.80825e+10 1.11055e+11 1.12139e+11 1.13993e+11
532000 1.15988e+11 8.91493e+10 9.77912e+10 1.10669e+11 1.13629e+11 1.15982e+11
534000 1.15556e+11 8.98617e+10 9.7918e+10 1.11039e+11 1.13583e+11 1.17797e+11
536000 1.15326e+11 9.04703e+10 9.76748e+10 1.11352e+11 1.13168e+11 1.18242e+11
538000 1.15182e+11 9.01513e+10 9.73583e+10 1.11812e+11 1.12813e+11 1.18269e+11
540000 1.1476e+11 8.99191e+10 9.69994e+10 1.12851e+11 1.1357e+11 1.17847e+11
542000 1.14495e+11 9.02593e+10 9.66726e+10 1.12859e+11 1.13158e+11 1.17746e+11
544000 1.14142e+11 9.02134e+10 9.66049e+10 1.12752e+11 1.12753e+11 1.17745e+11
546000 1.14481e+11 8.98863e+10 9.71302e+10 1.13471e+11 1.12898e+11 1.17416e+11
548000 1.14377e+11 9.00537e+10 9.7789e+10 1.17572e+11 1.13235e+11 1.18576e+11
550000 1.13995e+11 8.97363e+10 9.77379e+10 1.20057e+11 1.13405e+11 1.19039e+11
552000 1.14297e+11 8.96921e+10 9.82379e+10 1.19742e+11 1.13013e+11 1.18654e+11
554000 1.1456e+11 8.94146e+10 9.821e+10 1.19331e+11 1.13053e+11 1.18508e+11
556000 1.14722e+11 8.92845e+10 9.85171e+10 1.18968e+11 1.12679e+11 1.1809e+11
558000 1.15013e+11 8.91548e+10 9.81934e+10 1.18892e+11 1.1239e+11 1.17732e+11
560000 1.14843e+11 8.91114e+10 9.7853e+10 1.18524e+11 1.12441e+11 1.18134e+11
562000 1.14808e+11 8.88576e+10 9.79382e+10 1.18489e+11 1.12136e+11 1.18574e+11
564000 1.1485e+11 8.87157e+10 9.76903e+10 1.18257e+11 1.12703e+11 1.18455e+11
566000 1.14522e+11 8.87204e+10 9.78859e+10 1.18081e+11 1.12307e+11 1.18293e+11
568000 1.14197e+11 8.84092e+10 9.75496e+10 1.17766e+11 1.12148e+11 1.1852e+11
570000 1.14012e+11 8.81043e+10 9.72505e+10 1.17396e+11 1.11861e+11 1.1812e+11
572000 1.13658e+11 8.78432e+10 9.70364e+10 1.17237e+11 1.12404e+11 1.17925e+11
574000 1.13263e+11 8.77144e+10 9.67284e+10 1.17296e+11 1.12664e+11 1.17531e+11
576000 1.12907e+11 8.74206e+10 9.63973e+10 1.16891e+11 1.12304e+11 1.17166e+11
578000 1.12837e+11 8.71201e+10 9.60784e+10 1.16578e+11 1.11922e+11 1.16901e+11
580000 1.13358e+11 8.68582e+10 9.57522e+10 1.17264e+11 1.11673e+11 1.16952e+11
582000 1.13544e+11 8.68743e+10 9.56213e+10 1.1709e+11 1.11337e+11 1.16621e+11
584000 1.13929e+11 8.70029e+10 9.56853e+10 1.16902e+11 1.10979e+11 1.16321e+11
586000 1.13564e+11 8.67402e+10 9.55896e+10 1.16532e+11 1.10605e+11 1.15935e+11
588000 1.13543e+11 8.66382e+10 9.53678e+10 1.16142e+11 1.10262e+11 1.15553e+11
590000 1.13266e+11 8.63457e+10 9.53159e+10 1.1597e+11 1.09912e+11 1.15265e+11
592000 1.12884e+11 8.68378e+10 9.51761e+10 1.15625e+11 1.10162e+11 1.15205e+11
594000 1.12917e+11 8.69222e+10 9.5617e+10 1.15331e+11 1.10654e+11 1.15206e+11
596000 1.12627e+11 8.66386e+10 9.53166e+10 1.15442e+11 1.10394e+11 1.15892e+11
598000 1.12252e+11 8.65083e+10 9.50205e+10 1.16172e+11 1.10034e+11 1.16438e+11
600000 1.11977e+11 8.62299e+10 9.52635e+10 1.15886e+11 1.09838e+11 1.16581e+11
602000 1.11798e+11 8.63079e+10 9.49751e+10 1.15541e+11 1.09913e+11 1.16412e+11
604000 1.11633e+11 8.60285e+10 9.46626e+10 1.15215e+11 1.0974e+11 1.16068e+11
606000 1.11328e+11 8.57474e+10 9.4383e+10 1.14875e+11 1.09397e+11 1.15797e+11
608000 1.10984e+11 8.5874e+10 9.40749e+10 1.14534e+11 1.09296e+11 1.1552e+11
610000 1.10873e+11 8.83353e+10 9.46679e+10 1.1429e+11 1.09e+11 1.15155e+11
612000 1.10578e+11 8.90321e+10 9.71467e+10 1.13936e+11 1.08646e+11 1.14792e+11
614000 1.10228e+11 8.89941e+10 9.94508e+10 1.14604e+11 1.08597e+11 1.14639e+11
616000 1.10205e+11 8.93953e+10 9.99015e+10 1.14244e+11 1.08335e+11 1.1443e+11
618000 1.10106e+11 8.91082e+10 9.99242e+10 1.13875e+11 1.08296e+11 1.1438e+11
620000 1.10069e+11 8.88453e+10 9.9603e+10 1.13972e+11 1.08205e+11 1.14042e+11
622000 1.0973e+11 8.85617e+10 9.9414e+10 1.1501e+11 1.08686e+11 1.13752e+11
624000 1.09615e+11 8.83344e+10 1.01055e+11 1.14728e+11 1.08341e+11 1.13504e+11
626000 1.09838e+11 8.81538e+10 1.00738e+11 1.14363e+11 1.08177e+11 1.1334e+11
628000 1.10766e+11 8.79385e+10 1.00554e+11 1.14074e+11 1.08233e+11 1.1311e+11
630000 1.10655e+11 8.77082e+10 1.01328e+11 1.13821e+11 1.07909e+11 1.12966e+11
632000 1.10459e+11 8.76122e+10 1.01009e+11 1.14301e+11 1.07575e+11 1.133e+11
634000 1.10172e+11 8.73766e+10 1.0071e+11 1.14442e+11 1.07721e+11 1.12943e+11
636000 1.10296e+11 8.73028e+10 1.0121e+11 1.14806e+11 1.08908e+11 1.12737e+11
638000 1.10036e+11 8.7325e+10 1.01519e+11 1.14943e+11 1.08594e+11 1.12679e+11
640000 1.09702e+11 8.7392e+10 1.01202e+11 1.14896e+11 1.0837e+11 1.1313e+11
642000 1.09373e+11 8.71884e+10 1.00912e+11 1.15049e+11 1.08346e+11 1.12802e+11
644000 1.09616e+11 8.79151e+10 1.00654e+11 1.14858e+11 1.08037e+11 1.12776e+11
646000 1.0968e+11 8.80831e+10 1.00349e+11 1.14509e+11 1.07805e+11 1.12581e+11
648000 1.09377e+11 8.82286e+10 1.00089e+11 1.1441e+11 1.07712e+11 1.12235e+11
650000 1.09125e+11 8.79698e+10 1.00614e+11 1.14094e+11 1.07451e+11 1.11896e+11
652000 1.0881e+11 8.77125e+10 1.00307e+11 1.13909e+11 1.07257e+11 1.11556e+11
654000 1.08498e+11 8.74581e+10 1.00438e+11 1.13847e+11 1.06995e+11 1.11294e+11
656000 1.08244e+11 8.74374e+10 1.01028e+11 1.1379e+11 1.07019e+11 1.10958e+11
658000 1.07927e+11 8.71995e+10 1.00951e+11 1.14386e+11 1.08201e+11 1.10689e+11
660000 1.07717e+11 8.69362e+10 1.01293e+11 1.14764e+11 1.08806e+11 1.10367e+11
662000 1.07419e+11 8.68142e+10 1.0114e+11 1.15758e+11 1.09189e+11 1.10134e+11
664000 1.07118e+11 8.73264e+10 1.01538e+11 1.1562e+11 1.08873e+11 1.09924e+11
666000 1.0729e+11 8.71919e+10 1.01477e+11 1.15276e+11 1.08983e+11 1.10092e+11
668000 1.07594e+11 8.69717e+10 1.01175e+11 1.16739e+11 1.11874e+11 1.09965e+11
670000 1.08186e+11 8.67656e+10 1.0102e+11 1.16393e+11 1.11545e+11 1.09647e+11
672000 1.07942e+11 8.66814e+10 1.01348e+11 1.16082e+11 1.11271e+11 1.09502e+11
674000 1.07681e+11 8.66313e+10 1.02118e+11 1.15903e+11 1.1102e+11 1.09194e+11
676000 1.07409e+11 8.7256e+10 1.01831e+11 1.1588e+11 1.10825e+11 1.08912e+11
678000 1.07171e+11 8.72749e+10 1.01571e+11 1.1554e+11 1.10512e+11 1.08598e+11
680000 1.07042e+11 8.76901e+10 1.01412e+11 1.15202e+11 1.10452e+11 1.08542e+11
682000 1.06803e+11 8.74816e+10 1.01402e+11 1.15168e+11 1.10184e+11 1.08325e+11
684000 1.06495e+11 8.74798e+10 1.01667e+11 1.15119e+11 1.09955e+11 1.08063e+11
686000 1.06676e+11 8.72646e+10 1.01808e+11 1.14785e+11 1.0976e+11 1.0786e+11
688000 1.06794e+11 8.72012e+10 1.01993e+11 1.14591e+11 1.09979e+11 1.07677e+11
690000 1.06524e+11 8.69573e+10 1.01808e+11 1.14288e+11 1.09725e+11 1.07542e+11
692000 1.06974e+11 8.68537e+10 1.01762e+11 1.15303e+11 1.09765e+11 1.07549e+11
694000 1.0682e+11 8.66777e+10 1.01856e+11 1.15004e+11 1.09621e+11 1.07296e+11
696000 1.06902e+11 8.68062e+10 1.0223e+11 1.15487e+11 1.10115e+11 1.06988e+11
698000 1.06707e+11 8.73585e+10 1.02716e+11 1.15716e+11 1.09896e+11 1.06877e+11
700000 1.06412e+11 8.72876e+10 1.02826e+11 1.15389e+11 1.09719e+11 1.06748e+11
702000 1.06148e+11 8.70642e+10 1.02742e+11 1.151e+11 1.0943e+11 1.06567e+11
704000 1.06419e+11 8.68269e+10 1.02529e+11 1.15041e+11 1.09136e+11 1.06417e+11
706000 1.06164e+11 8.70783e+10 1.0231e+11 1.16484e+11 1.09086e+11 1.06791e+11
708000 1.06096e+11 8.72625e+10 1.02023e+11 1.18392e+11 1.09416e+11 1.06976e+11
710000 1.06118e+11 8.71912e+10 1.02057e+11 1.18448e+11 1.09403e+11 1.06682e+11
712000 1.05897e+11 8.69568e+10 1.02323e+11 1.18186e+11 1.0918e+11 1.06384e+11
714000 1.06497e+11 8.6714e+10 1.02066e+11 1.18742e+11 1.09311e+11 1.06165e+11
716000 1.07144e+11 8.66185e+10 1.01876e+11 1.19658e+11 1.09599e+11 1.0599e+11
718000 1.06931e+11 8.64672e+10 1.01605e+11 1.19683e+11 1.09381e+11 1.05788e+11
720000 1.07405e+11 8.66396e+10 1.01542e+11 1.1936e+11 1.09157e+11 1.05529e+11
722000 1.0935e+11 8.66805e+10 1.01392e+11 1.19031e+11 1.08974e+11 1.05346e+11
724000 1.09062e+11 8.65014e+10 1.01439e+11 1.19043e+11 1.09275e+11 1.05093e+11
726000 1.08855e+11 8.64583e+10 1.02387e+11 1.18734e+11 1.0916e+11 1.05124e+11
728000 1.08824e+11 8.63416e+10 1.03156e+11 1.18588e+11 1.08926e+11 1.04864e+11
730000 1.0912e+11 8.61249e+10 1.03102e+11 1.18312e+11 1.08647e+11 1.04705e+11
732000 1.09247e+11 8.62034e+10 1.02862e+11 1.18005e+11 1.08483e+11 1.04658e+11
734000 1.09131e+11 8.67049e+10 1.02999e+11 1.17911e+11 1.08403e+11 1.05255e+11
736000 1.08849e+11 8.64886e+10 1.0275e+11 1.18355e+11 1.08369e+11 1.06884e+11
738000 1.08836e+11 8.62768e+10 1.02587e+11 1.18063e+11 1.08458e+11 1.06796e+11
740000 1.08583e+11 8.60669e+10 1.02428e+11 1.18093e+11 1.08352e+11 1.07551e+11
742000 1.08395e+11 8.5844e+10 1.02395e+11 1.17868e+11 1.08071e+11 1.07429e+11
744000 1.09186e+11 8.5614e+10 1.02124e+11 1.17774e+11 1.08147e+11 1.07159e+11
746000 1.09357e+11 8.54087e+10 1.0195e+11 1.17487e+11 1.07873e+11 1.06958e+11
748000 1.09311e+11 8.52174e+10 1.02256e+11 1.17252e+11 1.07602e+11 1.06838e+11
750000 1.09055e+11 8.50393e+10 1.02036e+11 1.17059e+11 1.09062e+11 1.07506e+11
