# Time-averaged data for fix vACFavg
# TimeStep c_vAutoCorrFxn[1] c_vAutoCorrFxn[2] c_vAutoCorrFxn[3] c_vAutoCorrFxn[4]
2000 3.15738e-08 -3.23158e-08 3.99037e-10 -3.43008e-10
4000 4.50937e-08 5.84143e-08 -2.06813e-08 8.28267e-08
6000 -2.52749e-08 -3.71186e-08 -5.97082e-08 -1.22102e-07
8000 -7.50452e-09 -1.27118e-08 3.98406e-08 1.96242e-08
10000 -2.03802e-08 7.05793e-09 2.57302e-08 1.2408e-08
12000 6.65069e-09 -2.3636e-08 7.87178e-09 -9.1135e-09
14000 9.77424e-09 2.65358e-08 -3.52506e-08 1.05945e-09
16000 3.42525e-08 7.0659e-09 -2.13742e-08 1.99442e-08
18000 -7.45364e-08 -9.08251e-09 8.05843e-09 -7.55605e-08
20000 6.5743e-08 -2.31824e-08 -7.1541e-09 3.54065e-08
22000 -3.60528e-08 1.55129e-08 -4.88903e-08 -6.94301e-08
24000 -1.29579e-08 -2.01493e-08 5.94278e-10 -3.25129e-08
26000 2.00535e-08 1.22525e-08 2.37778e-09 3.46838e-08
28000 -1.56801e-08 -1.52532e-09 4.45627e-09 -1.27491e-08
30000 6.10737e-09 -1.23447e-08 -5.39452e-09 -1.16318e-08
32000 1.82533e-08 -1.44747e-09 4.40675e-08 6.08733e-08
34000 1.13178e-08 4.18059e-08 4.09884e-09 5.72225e-08
36000 -1.41619e-08 8.4953e-09 -1.54563e-08 -2.11229e-08
38000 -1.86998e-08 -5.74941e-09 2.58316e-08 1.38241e-09
40000 2.93329e-08 -4.05689e-08 1.81462e-08 6.91019e-09
42000 3.40635e-09 -6.70416e-09 1.42475e-08 1.09497e-08
44000 3.50009e-09 2.53025e-08 5.06591e-09 3.38685e-08
46000 1.08016e-08 1.19075e-08 8.9439e-09 3.1653e-08
48000 -1.17194e-08 6.07593e-09 -4.80093e-08 -5.36527e-08
50000 5.20135e-09 1.53558e-08 4.99804e-08 7.05375e-08
52000 -1.06435e-08 -5.34231e-09 -8.35197e-09 -2.43378e-08
54000 1.82874e-08 1.773e-09 1.34202e-08 3.34807e-08
56000 -1.55915e-08 -5.44479e-08 2.54184e-09 -6.74976e-08
58000 -2.78317e-08 -1.47097e-09 -4.99426e-09 -3.42969e-08
60000 3.45694e-08 -3.54825e-09 -1.70405e-08 1.39807e-08
62000 5.80736e-08 1.10149e-08 8.32371e-09 7.74123e-08
64000 1.19889e-09 -1.22557e-08 1.40874e-08 3.03057e-09
66000 -2.88541e-08 2.86719e-08 -5.75772e-08 -5.77594e-08
68000 -3.45226e-08 -4.25861e-08 1.96417e-08 -5.74671e-08
70000 1.38717e-08 -2.44298e-08 5.13971e-10 -1.00442e-08
72000 -2.09589e-09 -1.09276e-08 8.60157e-09 -4.42188e-09
74000 -1.13748e-08 2.71163e-08 -6.267e-09 9.47457e-09
76000 2.60043e-08 1.55025e-08 6.65148e-09 4.81583e-08
78000 2.20579e-08 -8.16026e-09 1.19053e-09 1.50882e-08
80000 -1.60477e-08 -2.10538e-10 1.83307e-08 2.07246e-09
82000 -1.8076e-08 -1.5293e-08 -1.89439e-08 -5.23129e-08
84000 1.94732e-08 6.23397e-08 -7.97464e-09 7.38382e-08
86000 8.69933e-10 -8.94432e-09 -7.63277e-09 -1.57072e-08
88000 1.04203e-08 1.78212e-08 -1.25394e-08 1.57021e-08
90000 -9.39086e-08 9.98259e-09 4.04189e-08 -4.35071e-08
92000 -5.55966e-09 -2.24349e-08 -3.18758e-08 -5.98704e-08
94000 6.2542e-09 1.54255e-08 -3.03908e-08 -8.71116e-09
96000 -8.39732e-09 4.55152e-08 4.44211e-08 8.15391e-08
98000 5.88424e-09 -3.02483e-08 1.10312e-08 -1.33328e-08
100000 6.29068e-09 -1.32908e-08 -3.16595e-08 -3.86596e-08
102000 -7.28257e-10 3.26107e-09 -2.01595e-09 5.16857e-10
104000 -9.78849e-09 3.62449e-08 2.76896e-08 5.41459e-08
106000 -8.24702e-08 -2.31787e-08 -2.51236e-09 -1.08161e-07
108000 6.98972e-09 -1.24939e-08 5.40632e-08 4.85591e-08
110000 -2.20655e-08 -3.45622e-08 7.67344e-09 -4.89543e-08
112000 -3.15686e-08 3.38732e-08 -4.27331e-08 -4.04286e-08
114000 1.16429e-08 -5.25103e-08 -1.93406e-08 -6.0208e-08
116000 -1.59759e-08 1.35348e-08 3.56382e-08 3.31972e-08
118000 -4.23068e-09 7.07609e-09 -5.29878e-09 -2.45336e-09
120000 6.12542e-08 -2.69029e-08 5.09902e-09 3.94503e-08
122000 -8.99427e-09 4.34418e-08 -2.67518e-08 7.69575e-09
124000 -3.11753e-08 -1.39915e-08 1.25944e-08 -3.25724e-08
126000 -2.51663e-09 2.43712e-08 -7.20596e-09 1.46487e-08
128000 4.1435e-08 -5.80411e-09 -1.20952e-08 2.35357e-08
130000 6.21138e-09 1.12774e-09 2.25953e-08 2.99344e-08
132000 7.87572e-09 5.63762e-08 -3.34378e-08 3.08141e-08
134000 -6.11787e-09 -1.27982e-09 1.30317e-08 5.63403e-09
136000 -4.51644e-08 -1.52807e-08 3.16389e-08 -2.88063e-08
138000 -2.48471e-08 1.27936e-08 -1.36491e-08 -2.57026e-08
140000 6.43856e-09 1.23048e-08 -1.12252e-08 7.51808e-09
142000 2.17301e-08 -1.33657e-08 -5.48975e-10 7.81539e-09
144000 4.01153e-09 -1.77597e-08 -4.08925e-08 -5.46406e-08
146000 -9.04509e-08 5.25077e-08 2.37368e-08 -1.42064e-08
148000 3.11341e-09 -3.74861e-08 -3.10041e-09 -3.74731e-08
150000 5.58861e-08 -2.032e-08 -3.44554e-08 1.11062e-09
152000 -3.01641e-09 -3.33742e-08 3.00501e-09 -3.33856e-08
154000 -1.23751e-08 -5.29317e-08 1.02749e-08 -5.50318e-08
156000 -8.29373e-09 2.09646e-08 -2.16623e-08 -8.99145e-09
158000 -8.18047e-09 -2.13594e-08 1.50952e-08 -1.44446e-08
160000 1.80961e-08 -2.75804e-08 -1.28449e-08 -2.23292e-08
162000 1.91674e-08 -2.83607e-09 -2.49357e-08 -8.60441e-09
164000 -1.46934e-08 3.01114e-08 2.43121e-08 3.97301e-08
166000 4.86539e-09 -1.60612e-08 -9.18279e-09 -2.03786e-08
168000 -3.91246e-08 -4.02377e-08 -2.19032e-08 -1.01266e-07
170000 2.4794e-08 4.25928e-08 -1.61865e-08 5.12003e-08
172000 -9.01746e-09 -1.68094e-09 2.81766e-09 -7.88074e-09
174000 -2.29374e-08 -1.50095e-08 -1.86146e-09 -3.98084e-08
176000 -3.90306e-08 4.56889e-08 3.7888e-08 4.45463e-08
178000 -1.10571e-08 -6.873e-09 -3.9017e-08 -5.69471e-08
180000 -8.01521e-09 -2.87115e-08 -2.7034e-08 -6.37608e-08
182000 -6.98584e-09 -1.92288e-08 -1.68449e-08 -4.30595e-08
184000 5.94483e-08 -5.38738e-09 1.44552e-08 6.85161e-08
186000 2.39442e-09 1.20473e-08 2.01759e-08 3.46176e-08
188000 5.66349e-09 -3.77808e-08 -3.09625e-08 -6.30798e-08
190000 9.59196e-09 4.08433e-09 4.21367e-08 5.5813e-08
192000 -3.62227e-08 -1.83611e-09 -2.15679e-08 -5.96268e-08
194000 -3.31398e-08 -3.18452e-08 -4.5979e-09 -6.95829e-08
196000 2.04025e-08 1.36674e-08 1.28511e-08 4.6921e-08
198000 -2.68801e-08 1.63237e-08 -3.24221e-08 -4.29784e-08
200000 2.78537e-08 -2.86231e-08 1.0636e-08 9.86667e-09
202000 3.52296e-08 -1.64578e-08 -5.42354e-09 1.33482e-08
204000 -4.66082e-08 -2.98797e-08 2.03477e-08 -5.61402e-08
206000 -1.01578e-08 -1.19942e-09 -4.28296e-08 -5.41868e-08
208000 5.32104e-10 2.38622e-08 1.75426e-08 4.19369e-08
210000 2.41268e-08 -2.14003e-08 -8.71773e-09 -5.99121e-09
212000 1.91403e-08 -5.02647e-08 1.62507e-08 -1.48738e-08
214000 -4.62078e-08 4.78392e-08 1.21531e-09 2.84667e-09
216000 1.95151e-08 1.39495e-08 -5.91666e-09 2.75479e-08
218000 8.44924e-09 2.1768e-08 3.49808e-08 6.5198e-08
220000 -7.60261e-10 -5.16091e-08 2.28601e-08 -2.95093e-08
222000 -2.81678e-08 3.09346e-08 1.07144e-08 1.34811e-08
224000 2.00251e-08 -2.6714e-08 1.23954e-09 -5.44945e-09
226000 -2.64196e-08 -1.86709e-09 -7.56762e-08 -1.03963e-07
228000 2.86407e-08 2.18568e-08 1.52105e-08 6.57079e-08
230000 -3.68408e-08 9.32475e-09 -2.33495e-08 -5.08656e-08
232000 8.23975e-09 -1.81665e-08 -2.58799e-09 -1.25148e-08
234000 3.07208e-09 1.95226e-08 3.64041e-08 5.89989e-08
236000 -7.13116e-08 5.67661e-09 -2.58984e-08 -9.15334e-08
238000 -1.5923e-09 2.52864e-08 1.2895e-08 3.65892e-08
240000 6.97217e-08 -7.07732e-09 -1.60319e-08 4.66125e-08
242000 -1.00957e-08 -4.86383e-09 -1.48435e-08 -2.9803e-08
244000 -1.5275e-08 -1.58047e-08 5.33611e-08 2.22813e-08
246000 3.66279e-08 1.10505e-08 -4.04767e-08 7.20174e-09
248000 -2.57014e-09 1.509e-08 -3.72883e-08 -2.47685e-08
250000 -7.60975e-09 -1.02823e-08 7.54086e-09 -1.03512e-08
252000 4.39119e-08 -1.8275e-08 4.38412e-08 6.94782e-08
254000 -3.64604e-08 -1.56958e-08 -1.13204e-08 -6.34767e-08
256000 1.15542e-08 -1.07978e-08 2.98136e-08 3.057e-08
258000 1.51628e-08 -1.701e-08 -3.15882e-08 -3.34354e-08
260000 -1.87861e-08 -1.01268e-08 1.75485e-08 -1.13644e-08
262000 3.74504e-08 -1.5625e-08 -1.59661e-08 5.85936e-09
264000 3.76722e-08 -1.60593e-09 3.14204e-08 6.74867e-08
266000 -9.62811e-08 -4.93584e-10 8.82559e-09 -8.79491e-08
268000 1.35279e-08 2.3909e-09 4.3785e-08 5.97038e-08
270000 3.503e-08 6.13332e-08 -3.48228e-08 6.15404e-08
272000 -4.33743e-08 1.0452e-08 -2.14466e-08 -5.43689e-08
274000 -1.34359e-08 6.62587e-08 4.31538e-08 9.59765e-08
276000 9.36033e-09 -4.96535e-08 -3.32218e-08 -7.3515e-08
278000 -1.2997e-08 2.63227e-09 -9.71639e-10 -1.13364e-08
280000 1.24379e-08 -1.12861e-08 1.32841e-08 1.44358e-08
282000 -4.30801e-08 -1.80992e-08 2.3536e-08 -3.76433e-08
284000 -5.98664e-09 -5.04391e-09 -4.76619e-08 -5.86925e-08
286000 1.30175e-08 -5.71165e-09 3.64535e-08 4.37594e-08
288000 1.02822e-08 2.00223e-09 3.27942e-08 4.50786e-08
290000 -6.85072e-08 -1.22342e-08 1.03747e-08 -7.03667e-08
292000 2.59972e-08 -2.94484e-08 1.71885e-08 1.37373e-08
294000 -1.47611e-09 -1.14189e-08 -4.15231e-09 -1.70473e-08
296000 2.22657e-09 4.9327e-08 9.71095e-09 6.12645e-08
298000 -2.52363e-08 -1.2881e-08 -1.54746e-08 -5.35919e-08
300000 7.56087e-09 3.62896e-08 2.2577e-09 4.61082e-08
302000 3.10452e-08 -3.21515e-08 1.01721e-08 9.06584e-09
304000 1.31652e-09 8.72966e-09 -2.97961e-08 -1.975e-08
306000 1.8979e-08 7.31477e-09 5.09189e-08 7.72127e-08
308000 -1.49599e-08 1.0488e-09 2.32742e-08 9.3631e-09
310000 -2.70415e-08 -1.38695e-08 -1.41947e-08 -5.51057e-08
312000 1.06817e-08 1.86689e-08 1.28218e-08 4.21724e-08
314000 4.48718e-08 -9.29773e-09 4.99312e-08 8.55053e-08
316000 -7.03997e-08 4.8644e-10 -1.32156e-08 -8.31289e-08
318000 4.33706e-08 1.60435e-08 1.82159e-08 7.76299e-08
320000 7.76544e-09 -8.72796e-09 -1.79628e-08 -1.89253e-08
322000 -6.20546e-09 -4.75012e-08 7.1781e-08 1.80744e-08
324000 3.22361e-09 2.78645e-08 -2.91661e-08 1.92203e-09
326000 7.1013e-09 -9.05126e-09 -1.56587e-08 -1.76087e-08
328000 2.91586e-08 -2.84059e-08 1.56276e-08 1.63803e-08
330000 6.39623e-09 3.53178e-08 7.679e-09 4.9393e-08
332000 1.57432e-09 -1.25614e-08 -1.83303e-08 -2.93174e-08
334000 -2.74925e-08 -2.38802e-08 8.91812e-09 -4.24545e-08
336000 3.73651e-08 1.20367e-08 -1.8076e-08 3.13257e-08
338000 -2.28641e-08 -2.20726e-08 1.1011e-09 -4.38356e-08
340000 1.20733e-08 4.65381e-08 1.10129e-08 6.96242e-08
342000 -6.42386e-08 -1.98299e-08 -1.0669e-08 -9.47375e-08
344000 5.07865e-08 -1.9662e-08 5.62903e-08 8.74148e-08
346000 6.047e-09 9.71493e-09 -6.42101e-08 -4.84482e-08
348000 -2.02996e-08 5.2304e-09 3.67843e-08 2.17152e-08
350000 -2.46373e-08 7.63072e-09 1.52971e-08 -1.70947e-09
352000 -3.32468e-08 2.41483e-08 8.73135e-09 -3.67165e-10
354000 1.04585e-08 -2.55815e-09 2.76355e-08 3.55359e-08
356000 -1.18228e-08 3.71885e-08 -2.03845e-08 4.98125e-09
358000 -3.3285e-08 -1.26983e-08 -1.12289e-08 -5.72122e-08
360000 3.28141e-08 -2.97027e-08 3.24267e-08 3.55382e-08
362000 6.27099e-09 9.08746e-09 1.20582e-08 2.74167e-08
364000 -1.67523e-08 -2.42184e-08 -1.80601e-08 -5.90308e-08
366000 1.69359e-08 -1.08373e-09 -3.36612e-08 -1.78091e-08
368000 1.86247e-08 2.21968e-09 -4.05313e-09 1.67913e-08
370000 -6.79817e-09 5.22445e-09 -4.99133e-09 -6.56505e-09
372000 -2.38217e-08 3.40933e-09 4.88251e-08 2.84128e-08
374000 -1.32932e-08 -1.45781e-08 -7.21136e-09 -3.50827e-08
376000 1.05075e-08 8.91927e-09 -2.1224e-08 -1.79722e-09
378000 -3.27884e-08 -3.43158e-08 -1.14552e-09 -6.82496e-08
380000 1.34301e-08 -1.78087e-08 -3.96695e-08 -4.40482e-08
382000 1.63863e-08 6.48504e-09 1.28501e-08 3.57215e-08
384000 -4.77698e-08 -1.89473e-08 1.8016e-08 -4.87012e-08
386000 -2.56854e-08 5.6249e-09 -7.44852e-08 -9.45457e-08
388000 -1.35694e-09 -1.94987e-08 1.63445e-08 -4.51112e-09
390000 2.72934e-08 -3.04089e-08 -5.71383e-09 -8.82931e-09
392000 -9.2553e-09 2.82544e-08 -2.79946e-08 -8.99548e-09
394000 -1.14797e-08 1.94104e-08 1.42994e-08 2.22301e-08
396000 2.12972e-08 7.06511e-09 -4.45392e-08 -1.61768e-08
398000 -3.75275e-08 -9.65509e-09 3.44482e-08 -1.27344e-08
400000 -2.476e-08 -2.07932e-08 -6.17361e-08 -1.07289e-07
402000 -1.99252e-08 4.87071e-08 -8.23125e-09 2.05507e-08
404000 -1.42463e-08 -1.61391e-08 1.11696e-08 -1.92158e-08
406000 -1.26967e-08 5.53023e-09 2.40109e-08 1.68444e-08
408000 1.96924e-08 -1.27115e-08 -2.29204e-08 -1.59395e-08
410000 -4.93618e-08 1.36907e-08 -2.68034e-09 -3.83514e-08
412000 2.50518e-08 -1.93757e-08 -4.81623e-08 -4.24862e-08
414000 2.8409e-08 3.07206e-08 1.02027e-08 6.93323e-08
416000 -9.55904e-09 -3.53784e-08 -9.09555e-09 -5.4033e-08
418000 -2.45123e-08 -3.3408e-08 4.47128e-08 -1.32075e-08
420000 -1.7954e-08 1.63727e-08 -3.33052e-08 -3.48865e-08
422000 -3.01902e-09 -4.17418e-09 7.15406e-08 6.43474e-08
424000 2.14712e-08 3.64571e-08 1.4572e-08 7.25003e-08
426000 2.89134e-08 -3.35389e-08 -3.68285e-08 -4.14541e-08
428000 -5.43533e-08 3.90613e-08 -2.21791e-08 -3.74711e-08
430000 -1.53233e-08 3.60223e-09 3.55314e-08 2.38103e-08
432000 3.82484e-08 4.1117e-08 -6.38019e-08 1.55635e-08
434000 -5.16729e-08 -8.61248e-09 1.92006e-08 -4.10848e-08
436000 -9.71822e-09 1.76105e-08 2.28771e-08 3.07694e-08
438000 -4.60789e-08 -3.1056e-08 3.52302e-08 -4.19046e-08
440000 4.26465e-08 -7.60894e-09 6.48696e-09 4.15245e-08
442000 -5.7003e-09 -8.75268e-09 1.43343e-08 -1.18661e-10
444000 -2.56654e-08 -7.30853e-09 -3.70288e-08 -7.00027e-08
446000 -2.73297e-08 -4.33976e-09 2.31102e-08 -8.55921e-09
448000 1.60107e-08 -4.31007e-08 4.45833e-08 1.74933e-08
450000 1.0419e-08 -9.907e-09 -3.88924e-08 -3.83804e-08
452000 -1.54233e-08 4.17639e-08 -3.55471e-08 -9.2064e-09
454000 1.44903e-08 6.13106e-09 7.13002e-09 2.77514e-08
456000 8.4274e-09 -9.46431e-09 2.6632e-10 -7.70589e-10
458000 1.16942e-08 -5.49752e-10 -3.69069e-10 1.07753e-08
460000 3.57897e-08 -5.70101e-08 6.09127e-08 3.96924e-08
462000 2.24837e-08 7.62784e-09 8.28184e-09 3.83934e-08
464000 -1.36528e-08 -7.93789e-09 -2.35004e-08 -4.50911e-08
466000 -1.78123e-08 -1.85831e-09 -9.81575e-09 -2.94864e-08
468000 -5.1505e-09 -3.17323e-09 1.55124e-08 7.18869e-09
470000 4.92815e-08 1.73188e-08 9.02192e-09 7.56223e-08
472000 -7.52729e-09 -2.1238e-08 4.07291e-08 1.19639e-08
474000 5.97774e-08 -5.09956e-09 -5.4318e-08 3.59828e-10
476000 -4.97525e-08 -5.8427e-08 -5.69586e-09 -1.13875e-07
478000 1.30226e-08 1.46503e-08 1.48628e-08 4.25357e-08
480000 -4.29293e-08 2.60419e-08 -8.69392e-09 -2.55814e-08
482000 -4.95894e-09 6.07071e-09 1.79395e-08 1.90513e-08
484000 -1.98998e-08 1.56258e-08 2.16068e-08 1.73329e-08
486000 4.55403e-08 -3.17702e-08 -3.20684e-08 -1.82983e-08
488000 4.48083e-10 1.45691e-08 -1.99492e-08 -4.93205e-09
490000 3.1086e-09 2.09827e-08 4.9894e-08 7.39853e-08
492000 -3.73655e-09 4.15446e-08 -1.92304e-08 1.85777e-08
494000 2.50409e-08 -1.71258e-08 -3.48569e-08 -2.69418e-08
496000 -5.29262e-09 4.91761e-09 -1.24676e-08 -1.28426e-08
498000 -7.44109e-09 6.69382e-09 2.09113e-08 2.0164e-08
500000 -1.42318e-08 -3.55252e-09 -1.19959e-08 -2.97802e-08
502000 -7.74834e-10 1.6311e-08 2.4804e-09 1.80165e-08
504000 3.01895e-08 -3.46537e-08 2.05685e-08 1.61043e-08
506000 1.10375e-08 3.70182e-08 -1.64158e-08 3.16399e-08
508000 1.89561e-08 -1.98357e-08 9.72852e-09 8.8489e-09
510000 -4.07608e-09 -1.21842e-08 -9.32814e-09 -2.55884e-08
512000 7.21308e-09 -1.06612e-08 -2.87565e-08 -3.22046e-08
514000 -2.37962e-09 -3.11495e-08 3.16986e-08 -1.83052e-09
516000 3.9301e-08 -1.69701e-08 -4.02611e-08 -1.79302e-08
518000 -2.41927e-08 6.0054e-08 2.62458e-08 6.21072e-08
520000 8.97145e-09 -2.18187e-08 -5.58204e-08 -6.86677e-08
522000 2.54733e-08 6.51217e-09 4.5606e-08 7.75915e-08
524000 -4.57118e-08 1.29004e-08 -1.72035e-08 -5.00149e-08
526000 6.24056e-09 -1.92718e-08 -1.05652e-08 -2.35964e-08
528000 -2.84423e-08 -1.92332e-08 -1.29208e-08 -6.05962e-08
530000 1.475e-08 4.78911e-08 -2.32474e-08 3.93937e-08
532000 5.43119e-08 1.08959e-09 -8.52575e-10 5.45489e-08
534000 -1.77024e-08 -1.14985e-10 -1.30357e-08 -3.08531e-08
536000 -1.09346e-08 -2.00454e-08 1.98591e-08 -1.11209e-08
538000 -5.85386e-09 -4.32772e-09 2.51554e-08 1.49738e-08
540000 3.55043e-08 1.91928e-09 3.85206e-09 4.12757e-08
542000 -7.57139e-09 -3.66769e-08 1.24247e-08 -3.18236e-08
544000 1.47466e-08 8.63139e-09 3.10556e-08 5.44336e-08
546000 4.2788e-08 2.0408e-08 -2.66751e-08 3.65208e-08
548000 5.07282e-09 -2.15413e-08 5.12829e-09 -1.13402e-08
550000 6.47155e-09 1.93983e-08 1.6493e-08 4.23629e-08
552000 -6.22305e-08 5.75455e-09 9.10487e-09 -4.73711e-08
554000 8.80468e-09 4.84824e-08 -2.20274e-08 3.52597e-08
556000 4.49518e-09 6.02575e-09 4.29324e-09 1.48142e-08
558000 6.70423e-08 -6.82263e-09 -2.95325e-08 3.06871e-08
560000 -5.69244e-09 -1.43281e-08 -1.07674e-08 -3.0788e-08
562000 3.22247e-08 -1.3352e-08 -1.75886e-08 1.2842e-09
564000 1.57877e-09 -1.13118e-09 8.92178e-09 9.36938e-09
566000 -5.51031e-08 1.41388e-08 -1.10298e-08 -5.19942e-08
568000 3.25984e-08 2.3248e-09 5.09257e-09 4.00158e-08
570000 1.23522e-08 -5.4014e-10 -1.81469e-08 -6.33492e-09
572000 4.47724e-09 -5.08785e-09 2.48439e-08 2.42333e-08
574000 1.267e-08 -9.89358e-10 2.23107e-09 1.39117e-08
576000 -3.19998e-09 -5.15698e-09 -8.69441e-09 -1.70514e-08
578000 3.49833e-08 -1.10015e-08 1.15601e-08 3.55418e-08
580000 1.7218e-08 1.41868e-08 -2.15965e-09 2.92451e-08
582000 -2.26573e-08 -9.75413e-09 5.06202e-08 1.82087e-08
584000 8.56313e-09 -4.09187e-08 -1.18918e-08 -4.42474e-08
586000 -1.29888e-08 1.20907e-08 2.26726e-08 2.17746e-08
588000 -1.72429e-08 -1.04971e-08 -1.89432e-08 -4.66831e-08
590000 6.46083e-08 2.52608e-08 3.23443e-09 9.31036e-08
592000 2.01933e-09 1.25238e-08 -9.40459e-09 5.13855e-09
594000 1.14659e-08 1.49804e-08 1.6406e-08 4.28523e-08
596000 1.89401e-08 -4.33141e-09 1.5324e-08 2.99327e-08
598000 -6.02552e-09 -7.72787e-09 -2.29434e-08 -3.66968e-08
600000 1.81942e-08 -2.56403e-08 2.05806e-08 1.31345e-08
602000 1.86589e-09 -6.07906e-10 -1.83552e-08 -1.70972e-08
604000 -5.97629e-08 -9.93381e-09 -4.94895e-08 -1.19186e-07
606000 2.24074e-08 -1.1651e-09 2.49986e-10 2.14923e-08
608000 3.15719e-08 1.74867e-08 -6.39276e-10 4.84193e-08
610000 -3.09503e-08 6.79995e-10 2.30835e-08 -7.18682e-09
612000 -3.28752e-10 6.44912e-11 6.83491e-09 6.57065e-09
614000 -5.40186e-08 1.6174e-08 1.45865e-08 -2.32581e-08
616000 -7.73655e-09 2.09151e-08 -3.79142e-08 -2.47356e-08
618000 9.56623e-10 1.17105e-08 -8.89621e-09 3.77093e-09
620000 -2.12559e-08 -5.12986e-08 1.43421e-08 -5.82124e-08
622000 -4.05716e-08 1.87728e-08 -8.97386e-09 -3.07726e-08
624000 5.0091e-08 -3.28204e-08 1.80272e-09 1.90733e-08
626000 -1.84483e-08 -2.48e-09 -2.23439e-08 -4.32721e-08
628000 -2.16303e-08 -4.15913e-09 -1.8841e-08 -4.46305e-08
630000 -3.01771e-08 9.0489e-09 2.27117e-08 1.58347e-09
632000 1.90639e-08 -1.51486e-08 5.24707e-08 5.6386e-08
634000 -2.41528e-10 -3.42223e-09 2.33385e-09 -1.3299e-09
636000 3.02866e-08 3.93315e-08 -4.51949e-08 2.44233e-08
638000 -1.70214e-08 2.48806e-08 3.70061e-08 4.48653e-08
640000 -2.41681e-08 2.73138e-08 1.43971e-08 1.75428e-08
642000 1.98624e-09 7.04119e-09 -2.89455e-08 -1.99181e-08
644000 4.40029e-09 1.77953e-09 1.63723e-08 2.25521e-08
646000 3.8297e-08 4.1895e-08 -2.39817e-09 7.77938e-08
648000 -5.57705e-09 -2.75484e-08 3.28405e-08 -2.84984e-10
650000 -4.77709e-08 -2.13761e-08 8.77693e-09 -6.03701e-08
652000 -2.06183e-08 -1.99535e-08 3.03818e-08 -1.01901e-08
654000 6.11202e-08 2.33538e-08 6.41108e-09 9.08851e-08
656000 -3.96179e-09 2.31107e-08 -2.99991e-08 -1.08502e-08
658000 2.47065e-08 -1.71915e-08 -3.25949e-08 -2.508e-08
660000 -9.32962e-09 -2.22148e-08 -3.37528e-08 -6.52973e-08
662000 7.89991e-09 -2.61741e-09 4.07235e-08 4.6006e-08
664000 -3.95905e-09 -1.07456e-08 -2.03159e-08 -3.50206e-08
666000 2.75782e-09 2.57913e-08 -1.565e-09 2.69841e-08
668000 -1.07416e-08 4.07947e-09 -1.68631e-08 -2.35253e-08
670000 -6.45659e-10 -2.50904e-08 -1.79485e-08 -4.36845e-08
672000 -3.83411e-09 2.86969e-09 3.36229e-08 3.26585e-08
674000 1.70211e-08 -1.82221e-09 -8.79038e-09 6.4085e-09
676000 -5.62443e-08 -6.3683e-09 1.20894e-08 -5.05232e-08
678000 7.15223e-08 1.45765e-08 -4.43892e-08 4.17096e-08
680000 -1.52793e-08 -7.89496e-09 3.69699e-09 -1.94773e-08
682000 -1.50809e-08 -2.98396e-09 -3.31015e-09 -2.13751e-08
684000 -1.2455e-10 2.59862e-08 7.98064e-08 1.05668e-07
686000 -3.14189e-08 -2.87106e-08 1.2059e-08 -4.80705e-08
688000 2.32928e-08 1.13117e-08 -5.99532e-08 -2.53488e-08
690000 -2.23347e-08 3.62136e-08 4.04727e-08 5.43516e-08
692000 -3.89393e-09 -2.32185e-08 -1.3246e-09 -2.8437e-08
694000 -7.63904e-09 5.33686e-08 -3.34996e-08 1.223e-08
696000 2.82697e-08 2.65708e-08 1.03149e-08 6.51555e-08
698000 -1.54812e-08 -1.74439e-08 5.75945e-09 -2.71657e-08
700000 2.62954e-08 -3.18244e-08 -2.55518e-08 -3.10808e-08
702000 3.09818e-08 5.42941e-08 6.13364e-08 1.46612e-07
704000 3.04571e-08 -2.16744e-08 -3.08985e-08 -2.21157e-08
706000 9.48468e-11 -6.60111e-09 -2.81387e-09 -9.32013e-09
708000 1.09097e-08 -6.08958e-09 -4.22205e-09 5.98026e-10
710000 2.12143e-08 4.12066e-09 -1.38734e-08 1.14615e-08
712000 9.6541e-09 7.10728e-09 -1.63418e-09 1.51272e-08
714000 -2.71987e-08 6.21466e-08 -2.31317e-08 1.18162e-08
716000 3.82301e-09 3.34521e-08 -2.69013e-08 1.03738e-08
718000 1.18749e-08 3.2781e-08 2.30444e-08 6.77003e-08
720000 -1.08543e-08 -2.648e-08 -2.8853e-09 -4.02196e-08
722000 -5.10539e-09 3.50104e-09 -3.6374e-08 -3.79784e-08
724000 2.13789e-08 -2.17444e-08 4.51382e-08 4.47726e-08
726000 -2.59971e-08 1.67523e-08 1.57447e-08 6.49985e-09
728000 -1.83218e-08 -1.49435e-08 -2.3291e-08 -5.65563e-08
730000 -7.11503e-10 -3.22568e-08 -7.07415e-10 -3.36757e-08
732000 3.58108e-08 4.02985e-08 1.91278e-08 9.52371e-08
734000 -1.03957e-09 3.69583e-08 1.28552e-09 3.72042e-08
736000 1.40913e-08 -1.73171e-08 1.95208e-08 1.62949e-08
738000 -6.19029e-08 2.12013e-08 -3.77462e-08 -7.84479e-08
740000 4.17581e-08 -1.1166e-08 1.73204e-08 4.79126e-08
742000 2.65338e-08 -4.53966e-09 1.30912e-08 3.50854e-08
744000 -1.88538e-08 5.67837e-08 2.35193e-08 6.14492e-08
746000 3.561e-08 -2.20755e-08 -1.1686e-08 1.84851e-09
748000 5.33001e-08 3.01279e-08 -3.77226e-08 4.57054e-08
750000 3.7528e-10 -3.00696e-08 -1.61693e-08 -4.58636e-08
