# Time-averaged data for fix myat2
# TimeStep v_Ntype2in v_Ntype2ou
0 119 357
1000 97 379
2000 84 392
3000 72 404
4000 64 412
5000 52 424
6000 44 432
7000 37 439
8000 27 449
9000 19 457
10000 12 464
11000 7 469
12000 6 470
13000 9 467
14000 15 461
15000 22 454
16000 26 450
17000 35 441
18000 44 432
19000 51 425
20000 57 419
21000 67 409
22000 74 402
23000 76 400
24000 79 397
25000 79 397
26000 72 404
27000 67 409
28000 58 418
29000 49 427
30000 40 436
31000 34 442
32000 26 450
33000 19 457
34000 12 464
35000 10 466
36000 8 468
37000 8 468
38000 14 462
39000 20 456
40000 25 451
41000 32 444
42000 39 437
43000 48 428
44000 54 422
45000 63 413
46000 69 407
47000 71 405
48000 73 403
49000 72 404
50000 68 408
51000 64 412
52000 54 422
53000 47 429
54000 38 438
55000 30 446
56000 25 451
57000 15 461
58000 12 464
59000 11 465
60000 11 465
61000 10 466
62000 15 461
63000 18 458
64000 26 450
65000 33 443
66000 36 440
67000 46 430
68000 52 424
69000 57 419
70000 63 413
71000 66 410
72000 66 410
73000 66 410
74000 60 416
75000 59 417
76000 49 427
77000 44 432
78000 38 438
79000 32 444
80000 22 454
81000 19 457
82000 16 460
83000 11 465
84000 12 464
85000 14 462
86000 20 456
87000 25 451
88000 29 447
89000 34 442
90000 42 434
91000 49 427
92000 54 422
93000 57 419
94000 62 414
95000 64 412
96000 66 410
97000 63 413
98000 60 416
99000 58 418
100000 51 425
101000 43 433
102000 38 438
103000 30 446
104000 25 451
105000 16 460
106000 14 462
107000 11 465
108000 11 465
109000 9 467
110000 15 461
111000 21 455
112000 25 451
113000 31 445
114000 36 440
115000 43 433
116000 50 426
117000 55 421
118000 54 422
119000 56 420
120000 57 419
121000 55 421
122000 55 421
123000 54 422
124000 47 429
125000 41 435
126000 37 439
127000 32 444
128000 26 450
129000 19 457
130000 18 458
131000 17 459
132000 16 460
133000 16 460
134000 18 458
135000 21 455
136000 26 450
137000 31 445
138000 36 440
139000 41 435
140000 47 429
141000 51 425
142000 56 420
143000 59 417
144000 61 415
145000 65 411
146000 64 412
147000 59 417
148000 54 422
149000 48 428
150000 39 437
151000 34 442
152000 27 449
153000 22 454
154000 16 460
155000 15 461
156000 12 464
157000 11 465
158000 17 459
159000 19 457
160000 27 449
161000 30 446
162000 38 438
163000 43 433
164000 50 426
165000 54 422
166000 58 418
167000 56 420
168000 58 418
169000 55 421
170000 54 422
171000 51 425
172000 50 426
173000 42 434
174000 39 437
175000 34 442
176000 29 447
177000 22 454
178000 23 453
179000 24 452
180000 22 454
181000 22 454
182000 23 453
183000 27 449
184000 31 445
185000 37 439
186000 41 435
187000 48 428
188000 52 424
189000 57 419
190000 56 420
191000 55 421
192000 59 417
193000 57 419
194000 53 423
195000 51 425
196000 45 431
197000 44 432
198000 35 441
199000 32 444
200000 27 449
201000 20 456
202000 16 460
203000 12 464
204000 12 464
205000 14 462
206000 16 460
207000 23 453
208000 30 446
209000 36 440
210000 41 435
211000 45 431
212000 52 424
213000 52 424
214000 55 421
215000 55 421
216000 56 420
217000 55 421
218000 54 422
219000 50 426
220000 45 431
221000 42 434
222000 35 441
223000 31 445
224000 28 448
225000 24 452
226000 23 453
227000 22 454
228000 23 453
229000 22 454
230000 24 452
231000 26 450
232000 29 447
233000 34 442
234000 37 439
235000 41 435
236000 47 429
237000 51 425
238000 55 421
239000 55 421
240000 55 421
241000 55 421
242000 55 421
243000 52 424
244000 46 430
245000 44 432
246000 38 438
247000 34 442
248000 26 450
249000 22 454
250000 18 458
251000 14 462
252000 14 462
253000 15 461
254000 15 461
255000 20 456
256000 27 449
257000 32 444
258000 37 439
259000 43 433
260000 47 429
261000 51 425
262000 51 425
263000 50 426
264000 50 426
265000 48 428
266000 47 429
267000 46 430
268000 44 432
269000 42 434
270000 37 439
271000 34 442
272000 28 448
273000 28 448
274000 26 450
275000 24 452
276000 26 450
277000 25 451
278000 24 452
279000 28 448
280000 29 447
281000 33 443
282000 39 437
283000 44 432
284000 46 430
285000 46 430
286000 51 425
287000 54 422
288000 58 418
289000 50 426
290000 50 426
291000 49 427
292000 42 434
293000 42 434
294000 37 439
295000 30 446
296000 25 451
297000 19 457
298000 15 461
299000 16 460
300000 17 459
301000 19 457
302000 24 452
303000 25 451
304000 27 449
305000 31 445
306000 40 436
307000 42 434
308000 44 432
309000 47 429
310000 50 426
311000 51 425
312000 51 425
313000 50 426
314000 50 426
315000 47 429
316000 43 433
317000 39 437
318000 37 439
319000 33 443
320000 29 447
321000 25 451
322000 27 449
323000 23 453
324000 22 454
325000 24 452
326000 21 455
327000 25 451
328000 29 447
329000 31 445
330000 37 439
331000 38 438
332000 44 432
333000 48 428
334000 51 425
335000 47 429
336000 48 428
337000 51 425
338000 48 428
339000 41 435
340000 38 438
341000 34 442
342000 31 445
343000 26 450
344000 21 455
345000 16 460
346000 16 460
347000 13 463
348000 15 461
349000 16 460
350000 17 459
351000 22 454
352000 29 447
353000 33 443
354000 36 440
355000 41 435
356000 43 433
357000 48 428
358000 45 431
359000 46 430
360000 47 429
361000 49 427
362000 47 429
363000 43 433
364000 43 433
365000 38 438
366000 38 438
367000 33 443
368000 27 449
369000 25 451
370000 25 451
371000 23 453
372000 22 454
373000 23 453
374000 26 450
375000 24 452
376000 25 451
377000 33 443
378000 32 444
379000 35 441
380000 41 435
381000 44 432
382000 43 433
383000 44 432
384000 47 429
385000 42 434
386000 40 436
387000 40 436
388000 38 438
389000 34 442
390000 29 447
391000 24 452
392000 20 456
393000 18 458
394000 18 458
395000 18 458
396000 18 458
397000 22 454
398000 24 452
399000 28 448
400000 31 445
401000 32 444
402000 36 440
403000 39 437
404000 40 436
405000 43 433
406000 44 432
407000 40 436
408000 41 435
409000 41 435
410000 44 432
411000 41 435
412000 35 441
413000 35 441
414000 33 443
415000 32 444
416000 28 448
417000 26 450
418000 24 452
419000 24 452
420000 23 453
421000 25 451
422000 24 452
423000 27 449
424000 29 447
425000 35 441
426000 36 440
427000 38 438
428000 39 437
429000 38 438
430000 42 434
431000 48 428
432000 48 428
433000 46 430
434000 42 434
435000 39 437
436000 38 438
437000 35 441
438000 30 446
439000 29 447
440000 22 454
441000 19 457
442000 14 462
443000 15 461
444000 16 460
445000 15 461
446000 20 456
447000 23 453
448000 28 448
449000 30 446
450000 33 443
451000 36 440
452000 37 439
453000 41 435
454000 40 436
455000 40 436
456000 39 437
457000 42 434
458000 40 436
459000 39 437
460000 41 435
461000 39 437
462000 36 440
463000 33 443
464000 30 446
465000 25 451
466000 24 452
467000 23 453
468000 24 452
469000 23 453
470000 22 454
471000 24 452
472000 25 451
473000 26 450
474000 31 445
475000 36 440
476000 36 440
477000 39 437
478000 43 433
479000 46 430
480000 44 432
481000 45 431
482000 42 434
483000 40 436
484000 40 436
485000 40 436
486000 35 441
487000 31 445
488000 26 450
489000 23 453
490000 20 456
491000 19 457
492000 18 458
493000 16 460
494000 18 458
495000 20 456
496000 23 453
497000 28 448
498000 31 445
499000 33 443
500000 39 437
501000 39 437
502000 40 436
503000 41 435
504000 43 433
505000 41 435
506000 37 439
507000 38 438
508000 34 442
509000 31 445
510000 35 441
511000 29 447
512000 27 449
513000 25 451
514000 25 451
515000 22 454
516000 23 453
517000 23 453
518000 22 454
519000 25 451
520000 24 452
521000 27 449
522000 33 443
523000 35 441
524000 37 439
525000 39 437
526000 38 438
527000 39 437
528000 39 437
529000 41 435
530000 40 436
531000 40 436
532000 39 437
533000 33 443
534000 33 443
535000 31 445
536000 26 450
537000 21 455
538000 19 457
539000 18 458
540000 17 459
541000 20 456
542000 20 456
543000 21 455
544000 25 451
545000 25 451
546000 28 448
547000 32 444
548000 35 441
549000 39 437
550000 38 438
551000 38 438
552000 41 435
553000 38 438
554000 37 439
555000 35 441
556000 37 439
557000 35 441
558000 32 444
559000 31 445
560000 31 445
561000 30 446
562000 29 447
563000 31 445
564000 27 449
565000 25 451
566000 26 450
567000 27 449
568000 29 447
569000 31 445
570000 32 444
571000 31 445
572000 36 440
573000 40 436
574000 38 438
575000 39 437
576000 40 436
577000 39 437
578000 38 438
579000 39 437
580000 36 440
581000 32 444
582000 33 443
583000 29 447
584000 24 452
585000 22 454
586000 20 456
587000 22 454
588000 20 456
589000 21 455
590000 19 457
591000 22 454
592000 21 455
593000 26 450
594000 31 445
595000 32 444
596000 36 440
597000 36 440
598000 36 440
599000 37 439
600000 40 436
601000 39 437
602000 39 437
603000 37 439
604000 37 439
605000 36 440
606000 31 445
607000 29 447
608000 29 447
609000 27 449
610000 26 450
611000 27 449
612000 25 451
613000 24 452
614000 24 452
615000 27 449
616000 26 450
617000 28 448
618000 29 447
619000 32 444
620000 31 445
621000 29 447
622000 32 444
623000 36 440
624000 36 440
625000 39 437
626000 38 438
627000 37 439
628000 35 441
629000 31 445
630000 27 449
631000 26 450
632000 23 453
633000 20 456
634000 18 458
635000 18 458
636000 15 461
637000 15 461
638000 15 461
639000 20 456
640000 22 454
641000 25 451
642000 28 448
643000 31 445
644000 34 442
645000 37 439
646000 38 438
647000 39 437
648000 45 431
649000 44 432
650000 45 431
651000 43 433
652000 42 434
653000 41 435
654000 38 438
655000 35 441
656000 32 444
657000 28 448
658000 27 449
659000 26 450
660000 25 451
661000 24 452
662000 25 451
663000 30 446
664000 30 446
665000 30 446
666000 33 443
667000 31 445
668000 30 446
669000 33 443
670000 32 444
671000 31 445
672000 34 442
673000 34 442
674000 32 444
675000 31 445
676000 31 445
677000 29 447
678000 24 452
679000 24 452
680000 21 455
681000 18 458
682000 18 458
683000 16 460
684000 17 459
685000 16 460
686000 16 460
687000 18 458
688000 24 452
689000 26 450
690000 28 448
691000 31 445
692000 33 443
693000 37 439
694000 39 437
695000 40 436
696000 37 439
697000 36 440
698000 37 439
699000 36 440
700000 34 442
701000 35 441
702000 34 442
703000 31 445
704000 30 446
705000 24 452
706000 24 452
707000 24 452
708000 24 452
709000 25 451
710000 23 453
711000 25 451
712000 26 450
713000 31 445
714000 29 447
715000 30 446
716000 32 444
717000 33 443
718000 36 440
719000 35 441
720000 32 444
721000 33 443
722000 33 443
723000 31 445
724000 29 447
725000 29 447
726000 27 449
727000 21 455
728000 20 456
729000 18 458
730000 17 459
731000 16 460
732000 16 460
733000 17 459
734000 18 458
735000 19 457
736000 18 458
737000 22 454
738000 25 451
739000 30 446
740000 30 446
741000 35 441
742000 35 441
743000 36 440
744000 36 440
745000 37 439
746000 40 436
747000 36 440
748000 36 440
749000 36 440
750000 32 444
751000 30 446
752000 28 448
753000 29 447
754000 29 447
755000 22 454
756000 24 452
757000 25 451
758000 23 453
759000 27 449
760000 27 449
761000 27 449
762000 30 446
763000 31 445
764000 31 445
765000 35 441
766000 34 442
767000 35 441
768000 35 441
769000 34 442
770000 33 443
771000 32 444
772000 31 445
773000 28 448
774000 24 452
775000 20 456
776000 20 456
777000 19 457
778000 19 457
779000 17 459
780000 15 461
781000 16 460
782000 16 460
783000 18 458
784000 20 456
785000 22 454
786000 26 450
787000 26 450
788000 29 447
789000 31 445
790000 32 444
791000 33 443
792000 36 440
793000 32 444
794000 35 441
795000 32 444
796000 33 443
797000 30 446
798000 32 444
799000 28 448
800000 27 449
801000 27 449
802000 25 451
803000 30 446
804000 28 448
805000 25 451
806000 27 449
807000 28 448
808000 30 446
809000 30 446
810000 32 444
811000 34 442
812000 33 443
813000 34 442
814000 36 440
815000 34 442
816000 35 441
817000 34 442
818000 33 443
819000 30 446
820000 26 450
821000 27 449
822000 25 451
823000 24 452
824000 23 453
825000 20 456
826000 19 457
827000 18 458
828000 18 458
829000 19 457
830000 19 457
831000 20 456
832000 23 453
833000 23 453
834000 26 450
835000 27 449
836000 30 446
837000 31 445
838000 30 446
839000 31 445
840000 34 442
841000 32 444
842000 33 443
843000 30 446
844000 33 443
845000 31 445
846000 30 446
847000 30 446
848000 27 449
849000 27 449
850000 25 451
851000 27 449
852000 28 448
853000 28 448
854000 29 447
855000 30 446
856000 31 445
857000 29 447
858000 27 449
859000 29 447
860000 30 446
861000 29 447
862000 26 450
863000 28 448
864000 28 448
865000 32 444
866000 31 445
867000 27 449
868000 27 449
869000 25 451
870000 24 452
871000 23 453
872000 26 450
873000 21 455
874000 19 457
875000 19 457
876000 19 457
877000 20 456
878000 21 455
879000 17 459
880000 20 456
881000 23 453
882000 21 455
883000 26 450
884000 31 445
885000 31 445
886000 33 443
887000 32 444
888000 31 445
889000 34 442
890000 37 439
891000 33 443
892000 31 445
893000 30 446
894000 27 449
895000 25 451
896000 21 455
897000 25 451
898000 27 449
899000 28 448
900000 28 448
901000 27 449
902000 25 451
903000 27 449
904000 28 448
905000 26 450
906000 30 446
907000 30 446
908000 28 448
909000 29 447
910000 30 446
911000 32 444
912000 30 446
913000 30 446
914000 27 449
915000 29 447
916000 27 449
917000 24 452
918000 21 455
919000 20 456
920000 21 455
921000 18 458
922000 17 459
923000 21 455
924000 22 454
925000 21 455
926000 19 457
927000 21 455
928000 22 454
929000 23 453
930000 26 450
931000 25 451
932000 30 446
933000 29 447
934000 30 446
935000 29 447
936000 32 444
937000 34 442
938000 33 443
939000 36 440
940000 31 445
941000 27 449
942000 27 449
943000 24 452
944000 25 451
945000 26 450
946000 24 452
947000 27 449
948000 28 448
949000 29 447
950000 30 446
951000 30 446
952000 29 447
953000 29 447
954000 29 447
955000 26 450
956000 26 450
957000 26 450
958000 27 449
959000 30 446
960000 28 448
961000 28 448
962000 25 451
963000 24 452
964000 21 455
965000 21 455
966000 20 456
967000 20 456
968000 19 457
969000 17 459
970000 19 457
971000 21 455
972000 20 456
973000 22 454
974000 20 456
975000 20 456
976000 21 455
977000 23 453
978000 24 452
979000 25 451
980000 27 449
981000 31 445
982000 33 443
983000 35 441
984000 35 441
985000 35 441
986000 33 443
987000 30 446
988000 30 446
989000 26 450
990000 25 451
991000 26 450
992000 26 450
993000 25 451
994000 24 452
995000 26 450
996000 26 450
997000 26 450
998000 28 448
999000 33 443
1000000 30 446
1001000 27 449
1002000 26 450
1003000 28 448
1004000 28 448
1005000 25 451
1006000 28 448
1007000 27 449
1008000 26 450
1009000 28 448
1010000 26 450
1011000 25 451
1012000 26 450
1013000 25 451
1014000 24 452
1015000 21 455
1016000 18 458
1017000 18 458
1018000 17 459
1019000 19 457
1020000 20 456
1021000 18 458
1022000 21 455
1023000 21 455
1024000 20 456
1025000 20 456
1026000 23 453
1027000 25 451
1028000 32 444
1029000 31 445
1030000 33 443
1031000 34 442
1032000 34 442
1033000 36 440
1034000 30 446
1035000 32 444
1036000 25 451
1037000 24 452
1038000 24 452
1039000 22 454
1040000 24 452
1041000 22 454
1042000 24 452
1043000 25 451
1044000 25 451
1045000 23 453
1046000 25 451
1047000 25 451
1048000 25 451
1049000 25 451
1050000 27 449
1051000 27 449
1052000 27 449
1053000 24 452
1054000 27 449
1055000 29 447
1056000 28 448
1057000 26 450
1058000 24 452
1059000 30 446
1060000 28 448
1061000 23 453
1062000 20 456
1063000 19 457
1064000 19 457
1065000 19 457
1066000 18 458
1067000 19 457
1068000 18 458
1069000 18 458
1070000 24 452
1071000 25 451
1072000 24 452
1073000 23 453
1074000 24 452
1075000 26 450
1076000 23 453
1077000 27 449
1078000 31 445
1079000 28 448
1080000 30 446
1081000 29 447
1082000 30 446
1083000 29 447
1084000 30 446
1085000 32 444
1086000 28 448
1087000 27 449
1088000 26 450
1089000 25 451
1090000 23 453
1091000 24 452
1092000 25 451
1093000 25 451
1094000 26 450
1095000 25 451
1096000 28 448
1097000 28 448
1098000 28 448
1099000 27 449
1100000 29 447
1101000 30 446
1102000 27 449
1103000 29 447
1104000 29 447
1105000 29 447
1106000 27 449
1107000 29 447
1108000 25 451
1109000 22 454
1110000 20 456
1111000 20 456
1112000 17 459
1113000 16 460
1114000 16 460
1115000 19 457
1116000 21 455
1117000 21 455
1118000 18 458
1119000 21 455
1120000 20 456
1121000 20 456
1122000 21 455
1123000 21 455
1124000 20 456
1125000 26 450
1126000 25 451
1127000 28 448
1128000 30 446
1129000 34 442
1130000 32 444
1131000 30 446
1132000 31 445
1133000 30 446
1134000 28 448
1135000 28 448
1136000 27 449
1137000 25 451
1138000 25 451
1139000 23 453
1140000 26 450
1141000 25 451
1142000 26 450
1143000 27 449
1144000 28 448
1145000 28 448
1146000 30 446
1147000 26 450
1148000 31 445
1149000 28 448
1150000 32 444
1151000 28 448
1152000 28 448
1153000 27 449
1154000 27 449
1155000 26 450
1156000 24 452
1157000 23 453
1158000 22 454
1159000 20 456
1160000 18 458
1161000 19 457
1162000 16 460
1163000 18 458
1164000 20 456
1165000 20 456
1166000 18 458
1167000 16 460
1168000 17 459
1169000 20 456
1170000 22 454
1171000 26 450
1172000 28 448
1173000 30 446
1174000 31 445
1175000 28 448
1176000 33 443
1177000 33 443
1178000 31 445
1179000 33 443
1180000 32 444
1181000 27 449
1182000 29 447
1183000 28 448
1184000 25 451
1185000 26 450
1186000 25 451
1187000 24 452
1188000 21 455
1189000 22 454
1190000 24 452
1191000 25 451
1192000 29 447
1193000 27 449
1194000 31 445
1195000 34 442
1196000 30 446
1197000 29 447
1198000 33 443
1199000 32 444
1200000 33 443
1201000 29 447
1202000 28 448
1203000 26 450
1204000 25 451
1205000 23 453
1206000 19 457
1207000 18 458
1208000 16 460
1209000 14 462
1210000 16 460
1211000 17 459
1212000 17 459
1213000 18 458
1214000 18 458
1215000 17 459
1216000 16 460
1217000 16 460
1218000 21 455
1219000 23 453
1220000 25 451
1221000 29 447
1222000 29 447
1223000 31 445
1224000 29 447
1225000 28 448
1226000 27 449
1227000 27 449
1228000 26 450
1229000 27 449
1230000 26 450
1231000 29 447
1232000 26 450
1233000 25 451
1234000 25 451
1235000 26 450
1236000 26 450
1237000 23 453
1238000 23 453
1239000 26 450
1240000 25 451
1241000 26 450
1242000 27 449
1243000 30 446
1244000 30 446
1245000 31 445
1246000 31 445
1247000 30 446
1248000 30 446
1249000 30 446
1250000 29 447
1251000 28 448
1252000 26 450
1253000 26 450
1254000 22 454
1255000 18 458
1256000 18 458
1257000 17 459
1258000 17 459
1259000 19 457
1260000 16 460
1261000 18 458
1262000 18 458
1263000 21 455
1264000 23 453
1265000 22 454
1266000 24 452
1267000 26 450
1268000 29 447
1269000 28 448
1270000 28 448
1271000 30 446
1272000 30 446
1273000 31 445
1274000 30 446
1275000 30 446
1276000 29 447
1277000 28 448
1278000 25 451
1279000 27 449
1280000 28 448
1281000 27 449
1282000 26 450
1283000 25 451
1284000 25 451
1285000 25 451
1286000 26 450
1287000 26 450
1288000 30 446
1289000 28 448
1290000 30 446
1291000 28 448
1292000 29 447
1293000 30 446
1294000 30 446
1295000 29 447
1296000 30 446
1297000 30 446
1298000 31 445
1299000 29 447
1300000 27 449
1301000 25 451
1302000 21 455
1303000 19 457
1304000 20 456
1305000 19 457
1306000 20 456
1307000 20 456
1308000 18 458
1309000 17 459
1310000 17 459
1311000 18 458
1312000 23 453
1313000 21 455
1314000 22 454
1315000 24 452
1316000 25 451
1317000 27 449
1318000 27 449
1319000 28 448
1320000 30 446
1321000 29 447
1322000 28 448
1323000 28 448
1324000 26 450
1325000 29 447
1326000 27 449
1327000 23 453
1328000 25 451
1329000 22 454
1330000 21 455
1331000 19 457
1332000 22 454
1333000 20 456
1334000 24 452
1335000 26 450
1336000 30 446
1337000 28 448
1338000 29 447
1339000 28 448
1340000 32 444
1341000 27 449
1342000 29 447
1343000 29 447
1344000 28 448
1345000 29 447
1346000 26 450
1347000 28 448
1348000 26 450
1349000 22 454
1350000 23 453
1351000 21 455
1352000 19 457
1353000 23 453
1354000 21 455
1355000 21 455
1356000 21 455
1357000 19 457
1358000 18 458
1359000 20 456
1360000 21 455
1361000 21 455
1362000 24 452
1363000 22 454
1364000 21 455
1365000 25 451
1366000 24 452
1367000 26 450
1368000 26 450
1369000 26 450
1370000 27 449
1371000 25 451
1372000 28 448
1373000 25 451
1374000 23 453
1375000 24 452
1376000 21 455
1377000 22 454
1378000 20 456
1379000 20 456
1380000 21 455
1381000 22 454
1382000 23 453
1383000 23 453
1384000 30 446
1385000 31 445
1386000 32 444
1387000 31 445
1388000 29 447
1389000 31 445
1390000 31 445
1391000 29 447
1392000 28 448
1393000 28 448
1394000 25 451
1395000 26 450
1396000 24 452
1397000 24 452
1398000 21 455
1399000 20 456
1400000 23 453
1401000 21 455
1402000 22 454
1403000 20 456
1404000 21 455
1405000 19 457
1406000 19 457
1407000 19 457
1408000 21 455
1409000 20 456
1410000 22 454
1411000 24 452
1412000 22 454
1413000 20 456
1414000 23 453
1415000 26 450
1416000 27 449
1417000 26 450
1418000 28 448
1419000 25 451
1420000 26 450
1421000 26 450
1422000 23 453
1423000 26 450
1424000 24 452
1425000 23 453
1426000 22 454
1427000 22 454
1428000 19 457
1429000 19 457
1430000 22 454
1431000 23 453
1432000 27 449
1433000 28 448
1434000 28 448
1435000 27 449
1436000 27 449
1437000 29 447
1438000 28 448
1439000 32 444
1440000 33 443
1441000 30 446
1442000 31 445
1443000 30 446
1444000 25 451
1445000 24 452
1446000 22 454
1447000 20 456
1448000 19 457
1449000 19 457
1450000 16 460
1451000 17 459
1452000 16 460
1453000 14 462
1454000 16 460
1455000 17 459
1456000 20 456
1457000 22 454
1458000 22 454
1459000 26 450
1460000 25 451
1461000 26 450
1462000 25 451
1463000 27 449
1464000 27 449
1465000 25 451
1466000 27 449
1467000 30 446
1468000 28 448
1469000 28 448
1470000 26 450
1471000 25 451
1472000 24 452
1473000 25 451
1474000 22 454
1475000 22 454
1476000 20 456
1477000 22 454
1478000 25 451
1479000 28 448
1480000 32 444
1481000 29 447
1482000 31 445
1483000 31 445
1484000 29 447
1485000 28 448
1486000 29 447
1487000 31 445
1488000 31 445
1489000 33 443
1490000 29 447
1491000 27 449
1492000 25 451
1493000 21 455
1494000 22 454
1495000 21 455
1496000 22 454
1497000 14 462
1498000 17 459
1499000 18 458
1500000 17 459
