# Fix print output for fix writer
0 0.0117634130201634 0.0261271309184948 -0.0115521593390607
0.00247999999999985 0.192635361014915 0.0190160666884323 -0.00810823839036649
0.00497999999999996 0.339250938721603 0.00745930322008162 -0.00225160822955812
0.00748000000000008 0.501188725537249 -0.0209898213419232 0.00922458279164065
0.00997999999999984 0.646949383520723 -0.0079188546312159 0.0391035646888479
0.0124799999999999 0.822890389687347 0.0282740750897219 0.00114597749170986
0.0149800000000001 0.96740161867234 0.0126692987891332 0.0252452035176543
0.0174800000000002 1.11526771528529 0.0175112671919135 0.00503152141215179
0.0199799999999999 1.29105248133499 0.00532531931186621 0.00577853510098456
0.02248 1.42258366595538 -0.0240632965232099 0.010677530826632
0.0249800000000002 1.57311869836267 -0.0251052635487478 -0.0223735378144829
0.0274799999999999 1.74904750595121 -0.016091309291004 0.00126545597045796
0.02998 1.88286909296404 -0.060040597321305 -0.0175207398215563
0.0324800000000001 2.04785019403091 0.00966587299486336 -0.0088824218925918
0.0349799999999999 2.18018189351935 -0.0273335563361332 -0.0159739877822958
0.03748 2.36173556156516 -0.0322890629077226 -0.0104765954503643
0.0399800000000001 2.51853949232678 -0.0147624727267798 0.0104396667339593
0.0424799999999999 2.6608075401343 0.0306508708663275 0.0043052451286125
0.04498 2.80626184624365 0.0116475088139725 -0.0017344027135303
0.0474800000000001 2.96097398973242 -0.0205285730817025 -0.01074114204939
0.0499799999999999 3.09676927751301 -0.00842362387420992 -0.02950546057626
0.05248 3.25578065281659 -0.0323786929817971 0.0190610087136338
0.0549800000000001 3.40825212793396 0.0230253506141928 -0.00661851221509076
0.05748 3.57056117929266 -0.00786724909624797 0.0447136125686767
0.05998 3.66589583040109 -0.00295667982679271 -0.0442619219317797
0.0624800000000001 3.85148996136465 -0.0089904325807609 -0.0140787105130305
0.06498 3.96141549978943 -0.0163853601665089 -0.0193359802033547
0.06748 4.13068328797289 0.00148639367734753 5.3201597182058e-05
0.0699800000000001 4.27949045472035 0.039814320050212 0.00777131391429312
0.07248 4.46295258517995 0.0351592449451325 0.0411261515172775
0.0749799999999999 4.56159605503337 0.0143910394638088 0.00876624194759485
0.07748 4.69285061659551 -0.0104240750087205 -0.0207586801964923
0.0799800000000002 4.84730635058535 -3.67544556880109e-06 -0.0234795242630315
0.0824799999999999 4.97393749796813 -0.0193022038428189 0.0128780750039681
0.08498 5.15692429466833 0.0506881612880603 -0.0199381571288423
0.0874800000000001 5.29383516799201 -0.0192590782889009 0.0588809720213185
0.0899800000000001 5.42932703094203 0.0236951139558873 0.0486595849338648
0.09248 5.55167746201772 0.0130720514710802 0.0293878592977885
0.0949800000000001 5.65948921098014 0.00695860342868674 0.0187391699793902
0.0974800000000001 5.78038124884079 0.035448431245719 -0.0146216213221393
0.09998 5.92267508331221 -0.0244750696015747 -0.011551625458534
0.10248 6.04672518316332 -0.0190199939183724 -0.0113139677182119
0.10498 6.1774442125359 -0.0524890374615489 -0.0375950779830093
0.10748 6.30465214081247 -0.0407791292881231 0.00344987302128217
0.10998 6.45786429023085 -0.0103425452134984 0.0138406165968259
0.11248 6.63135628822244 0.0155728663066554 0.0766416860741773
0.11498 6.70807401398291 0.0467898216633459 0.0143525021319594
0.11748 6.85421965083237 0.0565662144876482 0.0203125633695598
0.11998 6.9620797491031 0.0316944338866868 0.0284499907822416
0.12248 7.08001039301448 0.0377646199881745 0.00183508183183546
0.12498 7.18009986906771 0.0391786704182919 0.0362806234247933
0.12748 7.34552240959942 0.0252107905313357 0.0519166721760744
0.12998 7.36005601675733 -0.00120795291673819 -0.0292695095944126
0.13248 7.50100370479864 -0.0256269351994018 -0.052601036583014
0.13498 7.55855013836131 -0.106089159801463 -0.0618644038042612
0.13748 7.7397811331548 -0.00341620043595629 -0.0365202932026336
0.13998 7.81712795345935 0.0118161787944243 -0.0265795974899213
0.14248 7.916431501097 0.0323806939394865 -0.0196317499953002
0.14498 7.95301028658701 0.0356693639409198 0.0942680779934094
0.14748 7.92500410638191 0.0617361793425576 0.0490418685259207
0.14998 7.75442975633572 0.0822634059154098 0.0886048213637262
0.15248 6.84761382190488 0.0601796543903889 0.115185940207353
0.15498 4.97368294689926 0.166194151277999 -0.00158409546834943
0.15748 2.63179195199638 0.0183711603859891 -0.104725568989048
0.15998 1.84135190427788 -0.0143668371666507 0.0290465109734602
0.16248 1.67974541781639 0.0152754785631334 -0.0690090337745061
0.16498 1.55211827910946 -0.130852331888006 -0.0522087488261322
0.16748 1.42402697593759 -0.0256883745604531 -0.0780968349015631
0.16998 1.57312345829457 -0.0132938857334856 0.055895755771384
0.17248 1.79371127159923 0.000247893837027662 -0.0590436565379643
0.17498 1.94562294066115 -0.0773480292462193 0.00346955433720999
0.17748 1.89013650177142 -0.00159834931730239 -0.0538696818614164
0.17998 1.88752993185801 0.00363080763082025 -0.0123175093246272
0.18248 1.79488534322332 -0.0305080847120263 -0.0351984667569582
0.18498 1.89705056809504 0.0550678470273897 0.0194250589125641
0.18748 1.90035745984643 0.059165612902252 0.0349031897712581
0.18998 1.70262267866517 0.00250496159151112 0.0909536878585591
0.19248 1.57911958568021 0.0281011616256006 -0.020471384505949
0.19498 1.45817133395039 -0.0228799675746586 0.0875297394208246
0.19748 1.01893830318331 0.0102442405094663 -0.0151506509015959
0.19998 0.868213414370409 -0.0853380820644859 -0.0987500184045676
