# Fix print output for fix writer
0 40.5 40.5 40.5 66430.125 2496.12330286505 -13439.9999526017 155.0733959565 -13284.9265566452 300.000000000001
0.5 40.5957506905003 40.5957506905003 40.5957506905003 66902.4050238002 -1630.91722351939 -13360.2513947418 79.1922445681029 -13281.0591501737 153.202767140633
1 40.5578135247571 40.5578135247571 40.5578135247571 66715.0171972272 781.223028666993 -13362.9952522716 87.4028193196184 -13275.592432952 169.086680756258
1.5 40.5802740353083 40.5802740353083 40.5802740353083 66825.9169128935 -344.033748371717 -13355.2586912692 85.4684610612417 -13269.7902302079 165.344533536655
2 40.5736326494875 40.5736326494875 40.5736326494875 66793.1120038839 85.1193576604202 -13355.9189610752 92.01752546938 -13263.9014356058 178.014142726052
2.5 40.5818107120931 40.5818107120931 40.5818107120931 66833.5088076931 -85.5528646448459 -13350.171564683 92.2068206240766 -13257.9647440589 178.380347038911
3 40.5805646032377 40.5805646032377 40.5805646032377 66827.3524089175 221.195241317983 -13346.4578438343 94.4520052323946 -13252.0058386019 182.723808909601
3.5 40.5864243722556 40.5864243722556 40.5864243722556 66856.3058797077 -30.1828894795437 -13344.0412278148 97.98893673044 -13246.0522910844 189.566242731784
4 40.5882801984043 40.5882801984043 40.5882801984043 66865.4773716022 27.9979261332106 -13340.5331591613 100.407565189013 -13240.1255939723 194.245243492014
4.5 40.5941770336665 40.5941770336665 40.5941770336665 66894.6250953109 -98.9631438205208 -13335.9583902919 101.746169760361 -13234.2122205315 196.834864806021
5 40.5919544063489 40.5919544063489 40.5919544063489 66883.6377795331 190.720851091633 -13335.452577068 107.094948545698 -13228.3576285223 207.182440066778
5.5 40.6048154490149 40.6048154490149 40.6048154490149 66947.2316050916 -438.183710448367 -13333.2744863693 110.70142705896 -13222.5730593104 214.15941730588
6 40.5958163867141 40.5958163867141 40.5958163867141 66902.7298293579 323.547733019112 -13329.0022220365 112.140109559625 -13216.8621124769 216.942646160432
6.5 40.6074254461976 40.6074254461976 40.6074254461976 66960.1421416094 -153.890572532787 -13324.8789096186 113.62726531816 -13211.2516443004 219.819649819304
7 40.6035550831491 40.6035550831491 40.6035550831491 66940.9977100072 330.746742094709 -13320.5625833072 114.807594735651 -13205.7549885715 222.103077115541
7.5 40.6111318141383 40.6111318141383 40.6111318141383 66978.4788059637 8.39701259863257 -13320.2153108531 119.838017583383 -13200.3772932697 231.834771227295
8 40.6111833911055 40.6111833911055 40.6111833911055 66978.7339983981 105.80433634288 -13316.2557350377 121.101415283664 -13195.154319754 234.278899749448
8.5 40.618986816807 40.618986816807 40.618986816807 67017.3512437047 -232.363613136646 -13317.3185434816 127.232945626993 -13190.0855978546 246.140760977499
9 40.6186498038819 40.6186498038819 40.6186498038819 67015.6831425566 21.9249437535671 -13313.9808582281 128.794453372352 -13185.1864048557 249.161603596687
9.5 40.620670136969 40.620670136969 40.620670136969 67025.6835293595 145.509817205065 -13310.0825577564 129.615276320105 -13180.4672814363 250.749541249094
10 40.6259115329447 40.6259115329447 40.6259115329447 67051.6323981699 14.875925960278 -13307.4804501949 131.536548239828 -13175.9439019551 254.466372059187
10.5 40.6264272723592 40.6264272723592 40.6264272723592 67054.1860596628 17.471883515781 -13305.566896386 133.951475031713 -13171.6154213543 259.138211694199
11 40.6295855563611 40.6295855563611 40.6295855563611 67069.8255811131 30.6603980756588 -13302.9264985923 135.420371524303 -13167.506127068 261.979891564941
11.5 40.6308478146405 40.6308478146405 40.6308478146405 67076.0768439549 25.0156811014383 -13302.4913407073 138.87905208921 -13163.6122886181 268.670943650774
12 40.6318037226005 40.6318037226005 40.6318037226005 67080.8111825967 2.70674904385352 -13301.413869084 141.47532122263 -13159.9385478614 273.693602342305
12.5 40.6360653414102 40.6360653414102 40.6360653414102 67101.9204717492 -123.441901805834 -13300.7116332 144.216238108102 -13156.4953950919 278.996091918738
13 40.6361400637735 40.6361400637735 40.6361400637735 67102.2906372603 51.6577036384041 -13297.9925514434 144.712378877412 -13153.280172566 279.955909880259
13.5 40.6378022296501 40.6378022296501 40.6378022296501 67110.5251570614 53.7714195270285 -13296.6077091161 146.320344861469 -13150.2873642546 283.066629112541
14 40.6399796612063 40.6399796612063 40.6399796612063 67121.3133688096 -88.3331179799645 -13296.4888400989 148.965475194797 -13147.5233649041 288.183813108569
14.5 40.6396829253344 40.6396829253344 40.6396829253344 67119.8431055725 -41.2485180922195 -13293.3954471325 148.410710932525 -13144.9847362 287.110584024657
15 40.6454060793573 40.6454060793573 40.6454060793573 67148.203905049 -119.865893201601 -13290.3043014968 147.634521563277 -13142.6697799335 285.60899305647
15.5 40.6424921925926 40.6424921925926 40.6424921925926 67133.7632888965 57.8154329101649 -13291.3716040544 150.792665764279 -13140.5789382901 291.718637166968
16 40.6464824991084 40.6464824991084 40.6464824991084 67153.5389409697 -54.3214981951907 -13288.1346259292 149.459877777648 -13138.6747481515 289.140268430518
16.5 40.6456088654555 40.6456088654555 40.6456088654555 67149.2089477973 29.135040652875 -13288.3141047872 151.326705068642 -13136.9873997185 292.751772414445
17 40.6485460687483 40.6485460687483 40.6485460687483 67163.7673566479 45.8176937192166 -13286.1389027776 150.650645498046 -13135.4882572796 291.443889331551
17.5 40.6475523727518 40.6475523727518 40.6475523727518 67158.8418125632 99.56759410329 -13286.2372669104 152.062915362724 -13134.1743515476 294.176021150745
18 40.647301054446 40.647301054446 40.647301054446 67157.5961182223 23.0078195230492 -13285.9132586027 152.854582703418 -13133.0586758993 295.707555304255
18.5 40.6502378705091 40.6502378705091 40.6502378705091 67172.1538196441 -57.980255091684 -13285.664061681 153.522451909487 -13132.1416097715 296.999593571586
19 40.648783234443 40.648783234443 40.648783234443 67164.9429731966 -47.1452958853092 -13285.5971454592 154.192701414356 -13131.4044440448 298.296236688352
19.5 40.6514790983508 40.6514790983508 40.6514790983508 67178.3071779811 -100.495802958295 -13285.2893078147 154.471672823638 -13130.817634991 298.835925796651
20 40.6514718901587 40.6514718901587 40.6514718901587 67178.2714424506 10.4681715331505 -13283.6648057496 153.270681365216 -13130.3941243844 296.51252638114
20.5 40.6449834379686 40.6449834379686 40.6449834379686 67146.1092539346 426.453566891264 -13284.6273319306 154.520913130132 -13130.1064188005 298.931184508548
21 40.6530150354493 40.6530150354493 40.6530150354493 67185.9220708506 -173.528055629199 -13285.8208221363 155.902557983556 -13129.9182641527 301.604070166791
21.5 40.6459326342098 40.6459326342098 40.6459326342098 67150.8136221657 372.755686015029 -13282.8727857876 153.042304090214 -13129.8304816973 296.070715056394
22 40.6512499840978 40.6512499840978 40.6512499840978 67177.1713210873 -132.354186728738 -13286.24870662 156.467303836956 -13129.7814027831 302.696609315592
22.5 40.64955067574 40.64955067574 40.64955067574 67168.7472290698 48.9072841065195 -13283.8380512931 154.058587855781 -13129.7794634373 298.036784915054
23 40.6489613409819 40.6489613409819 40.6489613409819 67165.825845966 42.5925934948009 -13286.0716782917 156.26273766377 -13129.808940628 302.300862181938
23.5 40.6500317535181 40.6500317535181 40.6500317535181 67171.1320358061 44.9617419199624 -13283.4204117798 153.595330573326 -13129.8250812065 297.140582288683
24 40.6512077789937 40.6512077789937 40.6512077789937 67176.9620864466 -87.7946153320413 -13286.1453327458 156.294869134437 -13129.8504636113 302.363022690777
