# Time-averaged data for fix fixmsd
# TimeStep c_msd[4]
2000 2.2903
4000 4.79475
6000 6.38256
8000 7.55487
10000 8.2376
12000 9.30291
14000 10.2485
16000 11.6246
18000 12.5209
20000 13.2775
22000 14.0445
24000 14.5592
26000 15.6013
28000 16.2984
30000 16.9315
32000 17.641
34000 18.4798
36000 19.2562
38000 19.6992
40000 20.5533
42000 21.0854
44000 21.7783
46000 22.4209
48000 23.0956
50000 23.8437
52000 24.5013
54000 25.1883
56000 25.5071
58000 26.2005
60000 26.8877
62000 27.5424
64000 28.5302
66000 29.0669
68000 29.5129
70000 29.8053
72000 30.7053
74000 31.2948
76000 31.8919
78000 32.5491
80000 32.9466
82000 33.9965
84000 34.4984
86000 35.1924
88000 36.1736
90000 36.5219
92000 37.2533
94000 38.0196
96000 38.5608
98000 38.8868
100000 39.1857
102000 39.6091
104000 40.188
106000 41.4902
108000 42.1081
110000 42.568
112000 43.2534
114000 43.9827
116000 44.9569
118000 45.661
120000 46.4895
122000 47.4574
124000 47.9834
126000 49.4622
128000 49.9651
130000 51.0509
132000 51.0207
134000 51.6936
136000 51.8751
138000 52.754
140000 53.8144
142000 54.1598
144000 54.7034
146000 54.9059
148000 55.9707
150000 56.5969
152000 57.4054
154000 57.8344
156000 58.654
158000 58.4763
160000 59.2795
162000 59.7667
164000 60.4038
166000 61.0678
168000 61.5966
170000 62.3277
172000 63.4944
174000 63.884
176000 64.0222
178000 64.4134
180000 65.2894
182000 66.3484
184000 67.3095
186000 68.5025
188000 69.0296
190000 70.5223
192000 71.6622
194000 72.0783
196000 72.5198
198000 73.0347
200000 73.3327
202000 73.8472
204000 75.374
206000 76.299
208000 77.0707
210000 77.7832
212000 78.4559
214000 79.0447
216000 79.8199
218000 80.3095
220000 81.0986
222000 81.5654
224000 82.2066
226000 82.5293
228000 83.3999
230000 84.2401
232000 84.6686
234000 85.7656
236000 87.0755
238000 88.212
240000 88.0421
242000 88.1987
244000 88.3858
246000 88.8413
248000 89.2173
250000 89.6444
252000 89.7977
254000 90.6995
256000 91.506
258000 92.1225
260000 92.5081
262000 93.8943
264000 94.5015
266000 95.4995
268000 96.4323
270000 97.7974
272000 97.5882
274000 97.981
276000 99.0265
278000 100.55
280000 101.155
282000 101.79
284000 102.933
286000 103.639
288000 103.493
290000 104.646
292000 105.94
294000 107.002
296000 107.62
298000 107.353
300000 108.205
302000 109.225
304000 110.262
306000 111.855
308000 112.309
310000 111.71
312000 112.532
314000 112.389
316000 112.284
318000 112.43
320000 113.209
322000 114.78
324000 114.539
326000 115.785
328000 117.09
330000 119.036
332000 118.985
334000 119.404
336000 121.574
338000 122.832
340000 123.439
342000 123.906
344000 124.76
346000 126.463
348000 126.189
350000 128.717
352000 128.945
354000 130.478
356000 131.363
358000 132.219
360000 133.125
362000 134.235
364000 136.61
366000 138.533
368000 139.978
370000 140.877
372000 140.05
374000 141.056
376000 142.578
378000 145.152
380000 145.904
382000 147.884
384000 148.454
386000 149.138
388000 150.37
390000 151.526
392000 152.421
394000 150.617
396000 154.389
398000 153.801
400000 153.022
402000 155.062
404000 155.962
406000 155.143
408000 155.605
410000 156.291
412000 155.54
414000 155.804
416000 157.441
418000 158.043
420000 159.6
422000 160.641
424000 160.884
426000 161.282
428000 163.048
430000 163.855
432000 163.662
434000 163.238
436000 163.933
438000 164.331
440000 166.44
442000 166.785
444000 168.001
446000 167.451
448000 167.918
450000 167.899
452000 170.638
454000 169.906
456000 169.428
458000 169.816
460000 170.023
462000 170.134
464000 169.477
466000 171.191
468000 171.668
470000 172.116
472000 173.495
474000 175.708
476000 178.525
478000 179.037
480000 182.957
482000 184.472
484000 185.924
486000 185.132
488000 184.74
490000 185.276
492000 185.53
494000 186.47
496000 186.814
498000 187.898
500000 190.585
502000 192.369
504000 190.833
506000 190.643
508000 193.307
510000 195.334
512000 195.637
514000 197.324
516000 198.092
518000 198.974
520000 199.719
522000 199.835
524000 201.042
526000 199.901
528000 198.837
530000 201.652
532000 201.612
534000 203.942
536000 204.039
538000 203.508
540000 204.808
542000 206.689
544000 204.468
546000 206.031
548000 206.367
550000 207.423
552000 210.858
554000 213.401
556000 216.365
558000 219.229
560000 218.662
562000 219.401
564000 222.803
566000 224.538
568000 227.468
570000 225.56
572000 227.946
574000 226.735
576000 228.019
578000 229.963
580000 230.335
582000 230.207
584000 231.255
586000 234.002
588000 234.874
590000 235.541
592000 237.7
594000 238.816
596000 238.793
598000 241.455
600000 242.914
602000 244.566
604000 246.317
606000 245.29
608000 249.085
610000 249.081
612000 251.385
614000 251.912
616000 254.351
618000 254.288
620000 256.815
622000 254.656
624000 255.95
626000 253.102
628000 255.127
630000 253.61
632000 257.002
634000 257.735
636000 258.202
638000 258.606
640000 258.958
642000 259.43
644000 258.546
646000 259.648
648000 259.133
650000 261.286
652000 263.147
654000 263.468
656000 264.263
658000 265.236
660000 265.335
662000 267.184
664000 264.609
666000 265.735
668000 268.384
670000 269.998
672000 268.246
674000 269.946
676000 274.689
678000 272.911
680000 275.22
682000 277.286
684000 276.251
686000 276.031
688000 276.878
690000 278.305
692000 279.013
694000 278.197
696000 279.382
698000 278.435
700000 279.365
702000 281.478
704000 282.627
706000 279.946
708000 279.985
710000 278.263
712000 279.993
714000 277.968
716000 282.226
718000 282.15
720000 281.85
722000 281.347
724000 287.495
726000 289.818
728000 289.406
730000 291.834
732000 289.831
734000 292.394
736000 291.659
738000 290.373
740000 292.538
742000 295.238
744000 295.928
746000 295.011
748000 295.357
750000 296.969
752000 297.525
754000 298.231
756000 297.593
758000 299.415
760000 301.652
762000 302.719
764000 302.33
766000 302.914
768000 300.652
770000 302.609
772000 302.283
774000 300.582
776000 301.432
778000 301.613
780000 302.67
782000 301.894
784000 302.696
786000 301.238
788000 303.249
790000 303.711
792000 304.06
794000 303.913
796000 303.406
798000 306.685
800000 306.238
802000 309.17
804000 311.457
806000 311.596
808000 314.492
810000 314.96
812000 315.412
814000 318.245
816000 318.131
818000 319.803
820000 321.54
822000 322.35
824000 321.682
826000 320.222
828000 321.775
830000 323.393
832000 322.586
834000 326.436
836000 326.208
838000 329.489
840000 331.356
842000 334.238
844000 332.635
846000 331.587
848000 333.504
850000 334.676
852000 340.772
854000 340.393
856000 339.058
858000 340.72
860000 340.249
862000 342.711
864000 343.351
866000 345.456
868000 342.662
870000 343.495
872000 343.491
874000 345.048
876000 346.836
878000 346.729
880000 342.937
882000 345.839
884000 346.681
886000 349.632
888000 349.278
890000 350.076
892000 353.795
894000 353.62
896000 353.005
898000 352.662
900000 352.721
902000 354.599
904000 355.275
906000 356.346
908000 356.557
910000 356.619
912000 358.747
914000 356.554
916000 357.447
918000 362.545
920000 363.882
922000 365.967
924000 366.276
926000 366.513
928000 370.365
930000 367.681
932000 370.559
934000 371.139
936000 377.796
938000 377.29
940000 379.758
942000 379.825
944000 382.905
946000 383.568
948000 385.464
950000 383.355
952000 387.291
954000 385.167
956000 389.559
958000 387.1
960000 387.244
962000 388.352
964000 390.595
966000 389.961
968000 391.489
970000 390.288
972000 392.584
974000 390.643
976000 391.05
978000 392.855
980000 395.65
982000 395.695
984000 400.563
986000 404.715
988000 403.698
990000 404.522
992000 404.609
994000 406.827
996000 406.243
998000 405.056
1000000 407.083
1002000 407.215
1004000 405.716
1006000 408.784
1008000 404.837
1010000 408.775
1012000 407.95
1014000 411.438
1016000 408.885
1018000 411.037
1020000 411.782
1022000 410.721
1024000 412.155
1026000 414.033
1028000 413.908
1030000 415.678
1032000 416.524
1034000 414.765
1036000 419.772
1038000 418.628
1040000 421.01
1042000 422.108
1044000 426.215
1046000 422.371
1048000 426.012
1050000 422.477
1052000 427.245
1054000 428.787
1056000 429.525
1058000 431.814
1060000 432.978
1062000 436.834
1064000 437.233
1066000 438.274
1068000 436.79
1070000 437.33
1072000 438.545
1074000 439.85
1076000 448.547
1078000 447.211
1080000 447.657
1082000 448.103
1084000 447.348
1086000 448.975
1088000 449.651
1090000 452.364
1092000 451.854
1094000 452.865
1096000 454.412
1098000 457.949
1100000 456.78
1102000 453.087
1104000 453.681
1106000 451.012
1108000 451.156
1110000 451.348
1112000 447.269
1114000 449.198
1116000 449.432
1118000 452.572
1120000 452.499
1122000 455.031
1124000 454.983
1126000 455.099
1128000 457.855
1130000 458.236
1132000 459.858
1134000 461.099
1136000 463.966
1138000 467.6
1140000 467.121
1142000 470.661
1144000 472.198
1146000 470.489
1148000 471.492
1150000 472.882
1152000 468.851
1154000 469.429
1156000 471.653
1158000 471.471
1160000 473.206
1162000 474.698
1164000 474.36
1166000 471.347
1168000 474.298
1170000 474.535
1172000 475.448
1174000 478.901
1176000 477.255
1178000 477.818
1180000 480.47
1182000 484.34
1184000 483.798
1186000 486.723
1188000 488.301
1190000 487.027
1192000 486.848
1194000 489.66
1196000 490.656
1198000 490.649
1200000 492.006
1202000 491.332
1204000 493.532
1206000 496.226
1208000 498.81
1210000 501.717
1212000 505.716
1214000 501.023
1216000 503.115
1218000 502.233
1220000 502.94
1222000 505.515
1224000 505.825
1226000 503.824
1228000 505.272
1230000 509.559
1232000 509.983
1234000 507.221
1236000 505.131
1238000 508.184
1240000 508.184
1242000 509.542
1244000 511.86
1246000 514.258
1248000 511.59
1250000 515.435
1252000 514.06
1254000 516.179
1256000 518.274
1258000 515.213
1260000 517.68
1262000 516.414
1264000 519.29
1266000 522.129
1268000 524.332
1270000 527.824
1272000 523.042
1274000 527.557
1276000 528.19
1278000 528.635
1280000 524.766
1282000 526.926
1284000 524.451
1286000 525.798
1288000 526.509
1290000 529.946
1292000 529.925
1294000 535.685
1296000 536.954
1298000 537.227
1300000 534.351
1302000 536.762
1304000 536.41
1306000 540.381
1308000 538.074
1310000 543.324
1312000 541.713
1314000 538.684
1316000 537.592
1318000 539.868
1320000 540.028
1322000 543.752
1324000 544.336
1326000 546.576
1328000 548.258
1330000 549.39
1332000 550.4
1334000 554.818
1336000 555.603
1338000 557.964
1340000 556.713
1342000 557.441
1344000 562.703
1346000 562.781
1348000 561.432
1350000 561.811
1352000 561.542
1354000 559.626
1356000 561.248
1358000 559.815
1360000 558.727
1362000 557.694
1364000 557.804
1366000 559.622
1368000 563.058
1370000 562.152
1372000 564.56
1374000 561.856
1376000 560.801
1378000 563.984
1380000 564.27
1382000 567.727
1384000 567.102
1386000 568.375
1388000 571.006
1390000 576.166
1392000 576.637
1394000 576.002
1396000 575.962
1398000 581.304
1400000 581.923
1402000 581.002
1404000 583.94
1406000 584.071
1408000 584.385
1410000 583.865
1412000 586.069
1414000 582.381
1416000 589.335
1418000 585.557
1420000 584.963
1422000 585.254
1424000 585.479
1426000 585.371
1428000 588.051
1430000 588.207
1432000 590.835
1434000 589.151
1436000 591.456
1438000 590.784
1440000 589.77
1442000 592.704
1444000 594.165
1446000 594.352
1448000 594.136
1450000 596.471
1452000 595.475
1454000 593.647
1456000 595.386
1458000 598.891
1460000 599.229
1462000 598.613
1464000 601.735
1466000 600.505
1468000 601.423
1470000 602.315
1472000 607.49
1474000 605.547
1476000 605.694
1478000 605.485
1480000 606.246
1482000 605.766
1484000 607.215
1486000 607.29
1488000 607.762
1490000 608.566
1492000 609.261
1494000 610.078
1496000 616.132
1498000 616.331
1500000 615.771
1502000 617.976
1504000 617.611
1506000 616.893
1508000 614.715
1510000 618.883
1512000 618.835
1514000 616.542
1516000 615.344
1518000 613.029
1520000 614.986
1522000 616.087
1524000 615.894
1526000 619.444
1528000 619.67
1530000 617.332
1532000 615.699
1534000 615.927
1536000 616.027
1538000 616.939
1540000 614.327
1542000 614.322
1544000 613.437
1546000 616.781
1548000 620.142
1550000 621.988
1552000 626.301
1554000 622.197
1556000 618.582
1558000 618.709
1560000 621.751
1562000 621.1
1564000 620.583
1566000 620.263
1568000 617.309
1570000 617.351
1572000 617.881
1574000 618.918
1576000 622.332
1578000 622.24
1580000 621.433
1582000 621.28
1584000 619.624
1586000 620.465
1588000 622.29
1590000 620.052
1592000 624.544
1594000 623.719
1596000 630.552
1598000 628.271
1600000 631.422
1602000 629.776
1604000 631.545
1606000 634.468
1608000 635.241
1610000 635.293
1612000 635.511
1614000 638.831
1616000 642.173
1618000 639.28
1620000 641.063
1622000 643.045
1624000 643.125
1626000 645.021
1628000 644.263
1630000 649.109
1632000 648.531
1634000 651.014
1636000 653.111
1638000 651.37
1640000 655.029
1642000 653.17
1644000 654.849
1646000 653.876
1648000 654.918
1650000 656.135
1652000 652.804
1654000 656.102
1656000 658.684
1658000 655.705
1660000 657.709
1662000 662.567
1664000 662.182
1666000 665.186
1668000 664.895
1670000 667.524
1672000 668.828
1674000 671.158
1676000 671.216
1678000 670.635
1680000 671.237
1682000 671.958
1684000 671.979
1686000 671.387
1688000 667.961
1690000 669.557
1692000 671.583
1694000 670.096
1696000 672.957
1698000 666.887
1700000 667.433
1702000 666.821
1704000 665.064
1706000 665.396
1708000 668.273
1710000 669.072
1712000 672.522
1714000 674.194
1716000 675.859
1718000 677.709
1720000 678.135
1722000 677.561
1724000 680.669
1726000 677.471
1728000 681.942
1730000 681.204
1732000 682.057
1734000 684.706
1736000 685.923
1738000 689.461
1740000 683.892
1742000 684.51
1744000 686.023
1746000 688.023
1748000 689.642
1750000 692.844
1752000 693.181
1754000 692.121
1756000 686.249
1758000 686.079
1760000 687.501
1762000 689.855
1764000 692.37
1766000 694.931
1768000 700.219
1770000 699.692
1772000 698.956
1774000 700.397
1776000 701.498
1778000 703.039
1780000 703.983
1782000 707.341
1784000 711.317
1786000 709.849
1788000 711.788
1790000 713.689
1792000 713.872
1794000 716.214
1796000 712.768
1798000 713.815
1800000 719.716
1802000 719.121
1804000 722.838
1806000 723.187
1808000 729.585
1810000 727.988
1812000 725.762
1814000 727.805
1816000 728.237
1818000 730.224
1820000 728.159
1822000 727.157
1824000 726.006
1826000 728.284
1828000 729.489
1830000 735.622
1832000 730.747
1834000 731.346
1836000 731.984
1838000 732.96
1840000 730.795
1842000 732.459
1844000 737.289
1846000 734.31
1848000 732.69
1850000 736.909
1852000 735.05
1854000 736.936
1856000 732.409
1858000 732.361
1860000 731.929
1862000 729.76
1864000 729.447
1866000 728.277
1868000 725.772
1870000 728.507
1872000 730.424
1874000 727.897
1876000 728.024
1878000 727.029
1880000 727.464
1882000 731.318
1884000 731.229
1886000 732.972
1888000 734.057
1890000 732.368
1892000 729.833
1894000 725.66
1896000 725.066
1898000 725.111
1900000 722.736
1902000 722.874
1904000 723.052
1906000 723.252
1908000 724.988
1910000 726.395
1912000 730.177
1914000 729.002
1916000 730.13
1918000 731.671
1920000 732.745
1922000 735.429
1924000 736.597
1926000 737.135
1928000 735.676
1930000 736.533
1932000 738.463
1934000 738.96
1936000 743.933
1938000 745.727
1940000 748.764
1942000 743.927
1944000 745.759
1946000 744.328
1948000 743.131
1950000 742.254
1952000 742.127
1954000 742.91
1956000 741.051
1958000 740.669
1960000 742.373
1962000 747.038
1964000 745.76
1966000 747.125
1968000 747.423
1970000 746.883
1972000 746.485
1974000 747.767
1976000 750.248
1978000 751.663
1980000 754.873
1982000 757.603
1984000 758.443
1986000 757.443
1988000 758.44
1990000 760.047
1992000 757.88
1994000 760.175
1996000 759.625
1998000 761.133
2000000 760.523
2002000 761.293
2004000 763.399
2006000 762.963
2008000 761.303
2010000 759.839
2012000 762.461
2014000 761.363
2016000 765.813
2018000 765.867
2020000 767.212
2022000 767.653
2024000 768.697
2026000 770.104
2028000 773.441
2030000 776.265
2032000 774.49
2034000 773.309
2036000 775.709
2038000 773.648
2040000 772.848
2042000 774.61
2044000 775.657
2046000 778.264
2048000 775.754
2050000 780.984
2052000 784.699
2054000 785.889
2056000 788.189
2058000 789.264
2060000 790.308
2062000 790.962
2064000 791.467
2066000 792.327
2068000 794.039
2070000 793.437
2072000 790.836
2074000 794.819
2076000 794.324
2078000 791.003
2080000 794.413
2082000 794.823
2084000 792.714
2086000 792.476
2088000 791.734
2090000 791.531
2092000 791.437
2094000 790.639
2096000 793.296
2098000 793.534
2100000 794.911
2102000 797.315
2104000 798.596
2106000 797.459
2108000 798.101
2110000 801.391
2112000 801.279
2114000 802.78
2116000 801.264
2118000 803.018
2120000 803.624
2122000 800.562
2124000 802.485
2126000 809.396
2128000 809.343
2130000 806.839
2132000 807.261
2134000 809.222
2136000 813.994
2138000 814.241
2140000 817.623
2142000 819.077
2144000 819.091
2146000 820.449
2148000 823.071
2150000 821.69
2152000 821.191
2154000 820.329
2156000 822.744
2158000 824.582
2160000 821.46
2162000 825.977
2164000 829.223
2166000 830.198
2168000 834.944
2170000 837.328
2172000 836.331
2174000 835.338
2176000 834.926
2178000 836.717
2180000 841.148
2182000 842.022
2184000 843.309
2186000 846.59
2188000 845.979
2190000 849.304
2192000 849.985
2194000 851.77
2196000 852.724
2198000 856.652
2200000 857.375
2202000 856.777
2204000 859.891
2206000 861.792
2208000 867.604
2210000 865.598
2212000 868.948
2214000 868.654
2216000 865.77
2218000 866.553
2220000 870.163
2222000 872.869
2224000 870.774
2226000 868.637
2228000 868.644
2230000 868.485
2232000 871.344
2234000 878.571
2236000 876.766
2238000 876.089
2240000 872.812
2242000 874.951
2244000 872.624
2246000 872.319
2248000 872.392
2250000 873.404
2252000 876.037
2254000 878.146
2256000 874.537
2258000 873.48
2260000 871.005
2262000 867.47
2264000 865.128
2266000 871.127
2268000 868.575
2270000 866.083
2272000 866.32
2274000 867.517
2276000 864.035
2278000 867.887
2280000 871.139
2282000 872.154
2284000 873.583
2286000 869.827
2288000 872.191
2290000 872.506
2292000 873.839
2294000 874.136
2296000 872.827
2298000 874.999
2300000 878.464
2302000 879.733
2304000 878.66
2306000 880.184
2308000 879.195
2310000 882.344
2312000 879.41
2314000 878.341
2316000 878.582
2318000 880.138
2320000 878.719
2322000 881.385
2324000 881.312
2326000 882.192
2328000 883.163
2330000 881.433
2332000 881.035
2334000 883
2336000 884.451
2338000 884.254
2340000 884.658
2342000 883.968
2344000 886.939
2346000 887.234
2348000 888.055
2350000 885.967
2352000 892.062
2354000 890.585
2356000 890.888
2358000 888.017
2360000 887.387
2362000 884.744
2364000 885.435
2366000 885.709
2368000 883.68
2370000 883.639
2372000 885.309
2374000 887.02
2376000 886.996
2378000 888.882
2380000 890.899
2382000 888.894
2384000 886.408
2386000 890.161
2388000 889.897
2390000 894.416
2392000 896.97
2394000 897.388
2396000 899.299
2398000 900.915
2400000 900.113
2402000 903.076
2404000 900.415
2406000 898.083
2408000 897.568
2410000 899.288
2412000 900.745
2414000 902.302
2416000 898.806
2418000 899.458
2420000 897.27
2422000 902.694
2424000 902.934
2426000 903.155
2428000 904.678
2430000 904.96
2432000 903.952
2434000 902.064
2436000 901.191
2438000 901.751
2440000 904.986
2442000 910.46
2444000 914.818
2446000 919.655
2448000 925.623
2450000 922.047
2452000 920.71
2454000 919.753
2456000 921.357
2458000 924.178
2460000 924.157
2462000 923.405
2464000 926.197
2466000 928.113
2468000 931.323
2470000 932.201
2472000 930.14
2474000 931.175
2476000 931.545
2478000 928.498
2480000 929.937
2482000 930.69
2484000 932.819
2486000 936.057
2488000 935.688
2490000 939.47
2492000 940.882
2494000 942.344
2496000 941.378
2498000 943.318
2500000 945.268
2502000 944.551
2504000 940.046
2506000 945.575
2508000 942.281
2510000 945.461
2512000 937.897
2514000 936.571
2516000 938.17
2518000 935.282
2520000 935.333
2522000 936.501
2524000 935.537
2526000 932.838
2528000 937.456
2530000 942.738
2532000 946.041
2534000 947.602
2536000 948.137
2538000 946.797
2540000 941.09
2542000 944.198
2544000 939.06
2546000 940.302
2548000 943.133
2550000 944.577
2552000 941.375
2554000 945.106
2556000 944.889
2558000 944.472
2560000 942.756
2562000 943.546
2564000 944.646
2566000 948.081
2568000 948.969
2570000 947.359
2572000 947.896
2574000 945.631
2576000 945.622
2578000 943.789
2580000 942.755
2582000 943.117
2584000 943.928
2586000 943.076
2588000 946.131
2590000 945.21
2592000 943.453
2594000 944.84
2596000 944.824
2598000 945.479
2600000 946.693
2602000 944.804
2604000 945.918
2606000 946.089
2608000 948.666
2610000 953.379
2612000 955.512
2614000 954.871
2616000 957.159
2618000 958.381
2620000 961.07
2622000 960.59
2624000 965.592
2626000 966.043
2628000 970.031
2630000 971.767
2632000 974.583
2634000 972.412
2636000 975.792
2638000 972.989
2640000 975.196
2642000 977.568
2644000 976.668
2646000 979.091
2648000 975.242
2650000 976.417
2652000 976.564
2654000 980.077
2656000 984.051
2658000 982.047
2660000 985.674
2662000 986.322
2664000 986.569
2666000 990.153
2668000 998.103
2670000 996.131
2672000 997.526
2674000 997.865
2676000 1003.33
2678000 1003.86
2680000 1008.4
2682000 1006.99
2684000 1005.99
2686000 1005.83
2688000 1004
2690000 1005.41
2692000 1007.68
2694000 1008.56
2696000 1008
2698000 1008.5
2700000 1012.22
2702000 1012.63
2704000 1016.63
2706000 1014.75
2708000 1012.55
2710000 1017.07
2712000 1017.89
2714000 1020.22
2716000 1020.61
2718000 1020.38
2720000 1021.32
2722000 1022.66
2724000 1021.57
2726000 1023.18
2728000 1024.65
2730000 1026.64
2732000 1033.09
2734000 1034.31
2736000 1035.82
2738000 1033.2
2740000 1033.32
2742000 1032.43
2744000 1032.12
2746000 1029.79
2748000 1028.88
2750000 1032.16
2752000 1031.81
2754000 1031.83
2756000 1034
2758000 1034.06
2760000 1037.11
2762000 1037.2
2764000 1040.58
2766000 1042.66
2768000 1039.67
2770000 1037.91
2772000 1040.44
2774000 1041.63
2776000 1037.67
2778000 1037.85
2780000 1039.24
2782000 1038.15
2784000 1041.19
2786000 1044.01
2788000 1044.35
2790000 1043.08
2792000 1044.57
2794000 1045.67
2796000 1051.03
2798000 1051.67
2800000 1050.14
2802000 1053.39
2804000 1053.31
2806000 1051.65
2808000 1054.8
2810000 1059.76
2812000 1062.89
2814000 1059.31
2816000 1063.12
2818000 1063.03
2820000 1062.61
2822000 1061
2824000 1059.15
2826000 1058.25
2828000 1059.93
2830000 1060.48
2832000 1061.33
2834000 1063.64
2836000 1068.37
2838000 1067.22
2840000 1068.85
2842000 1072.77
2844000 1072.82
2846000 1072.59
2848000 1072.08
2850000 1075.5
2852000 1068.75
2854000 1069.98
2856000 1064.7
2858000 1062.08
2860000 1066.29
2862000 1067.61
2864000 1069.68
2866000 1072.15
2868000 1072.86
2870000 1072.3
2872000 1075.2
2874000 1071.59
2876000 1071.27
2878000 1069.17
2880000 1069.98
2882000 1073.56
2884000 1074.45
2886000 1076.4
2888000 1078.33
2890000 1079
2892000 1078.57
2894000 1078.39
2896000 1080.47
2898000 1083.16
2900000 1086.42
2902000 1088.82
2904000 1095.03
2906000 1094.43
2908000 1095.46
2910000 1095.47
2912000 1098.85
2914000 1101.77
2916000 1102.36
2918000 1103.02
2920000 1103.72
2922000 1101.08
2924000 1101.84
2926000 1102.84
2928000 1104.39
2930000 1103.3
2932000 1104.66
2934000 1109.15
2936000 1108.26
2938000 1107.1
2940000 1107.12
2942000 1105.01
2944000 1102.91
2946000 1104.77
2948000 1105.02
2950000 1110.53
2952000 1108.73
2954000 1110.56
2956000 1109.08
2958000 1109.37
2960000 1108.09
2962000 1109.57
2964000 1112.88
2966000 1113.09
2968000 1110.78
2970000 1113.58
2972000 1111.54
2974000 1116.7
2976000 1115.87
2978000 1117.89
2980000 1116.68
2982000 1116.16
2984000 1113.22
2986000 1113.06
2988000 1116.44
2990000 1116.34
2992000 1118.07
2994000 1119
2996000 1117.91
2998000 1117.64
3000000 1116.68
3002000 1115.34
3004000 1116.58
3006000 1113.47
3008000 1110.11
3010000 1112.35
3012000 1112.26
3014000 1112.74
3016000 1111.33
3018000 1110.88
3020000 1109.35
3022000 1111.14
3024000 1113.22
3026000 1116.26
3028000 1119.54
3030000 1123.3
3032000 1126.81
3034000 1124.33
3036000 1122.07
3038000 1124.87
3040000 1128.23
3042000 1127.07
3044000 1127.02
3046000 1129.42
3048000 1131.7
3050000 1134.05
3052000 1138.7
3054000 1139.06
3056000 1143.16
3058000 1142.29
3060000 1139.92
3062000 1139.42
3064000 1137.57
3066000 1137.47
3068000 1139.22
3070000 1141.34
3072000 1141.54
3074000 1146.19
3076000 1147.17
3078000 1150.29
3080000 1150.85
3082000 1147.9
3084000 1148.88
3086000 1148.72
3088000 1148.64
3090000 1143.06
3092000 1142.31
3094000 1141.24
3096000 1145.33
3098000 1145.14
3100000 1143.53
3102000 1140.5
3104000 1142.59
3106000 1143.23
3108000 1141.94
3110000 1144.65
3112000 1143.19
3114000 1144.16
3116000 1146.56
3118000 1142.5
3120000 1140.96
3122000 1143.95
3124000 1144.01
3126000 1144.94
3128000 1144.57
3130000 1147.06
3132000 1147.69
3134000 1145.74
3136000 1147.08
3138000 1147.4
3140000 1152.9
3142000 1154.82
3144000 1158.19
3146000 1164.16
3148000 1169.51
3150000 1168.32
3152000 1168.4
3154000 1166.27
3156000 1166.92
3158000 1167.21
3160000 1169.6
3162000 1173.91
3164000 1172.72
3166000 1173.8
3168000 1177.78
3170000 1182.68
3172000 1183.31
3174000 1185.94
3176000 1185.01
3178000 1186.54
3180000 1192.97
3182000 1193.83
3184000 1197.18
3186000 1197.12
3188000 1194.75
3190000 1199.8
3192000 1198.89
3194000 1199.87
3196000 1202.03
3198000 1199.36
3200000 1194.33
3202000 1195.19
3204000 1192.5
3206000 1197.38
3208000 1196.47
3210000 1193.72
3212000 1194.49
3214000 1195.48
3216000 1198.16
3218000 1196.53
3220000 1193.16
3222000 1189.86
3224000 1188.51
3226000 1190.15
3228000 1191.6
3230000 1193.1
3232000 1191.61
3234000 1189.78
3236000 1191.09
3238000 1191.68
3240000 1192.85
3242000 1191.51
3244000 1188.51
3246000 1190.34
3248000 1190.94
3250000 1189.72
3252000 1190.31
3254000 1192.94
3256000 1197
3258000 1195.89
3260000 1198.23
3262000 1201.15
3264000 1206.32
3266000 1206.55
3268000 1200.65
3270000 1199.56
3272000 1200.7
3274000 1199.47
3276000 1203.77
3278000 1202.6
3280000 1207.01
3282000 1206.71
3284000 1213.11
3286000 1214.74
3288000 1212.47
3290000 1212.45
3292000 1212.19
3294000 1213.37
3296000 1212.76
3298000 1212.43
3300000 1208.96
3302000 1207.23
3304000 1211.41
3306000 1211.25
3308000 1211.17
3310000 1210.45
3312000 1207.91
3314000 1207.77
3316000 1209.47
3318000 1208.06
3320000 1207.88
3322000 1206.01
3324000 1205.51
3326000 1204.56
3328000 1208.53
3330000 1207.95
3332000 1207.3
3334000 1206.04
3336000 1207.14
3338000 1207.8
3340000 1207.83
3342000 1211.13
3344000 1213.18
3346000 1215.32
3348000 1216.96
3350000 1214.09
3352000 1214.11
3354000 1216.39
3356000 1217.02
3358000 1219.02
3360000 1215.8
3362000 1221.91
3364000 1221.68
3366000 1225.79
3368000 1224.31
3370000 1228.17
3372000 1227.51
3374000 1229.01
3376000 1228.04
3378000 1227.06
3380000 1225.31
3382000 1224.05
3384000 1221.43
3386000 1223.75
3388000 1223.4
3390000 1219.77
3392000 1221.73
3394000 1223.67
3396000 1223.16
3398000 1226.89
3400000 1230.61
3402000 1227.66
3404000 1226.06
3406000 1227.87
3408000 1228.07
3410000 1233.5
3412000 1234.21
3414000 1231.82
3416000 1232.39
3418000 1232.67
3420000 1228.38
3422000 1229.27
3424000 1232.75
3426000 1233.33
3428000 1234.66
3430000 1232.99
3432000 1233.08
3434000 1232.28
3436000 1233.15
3438000 1235.13
3440000 1240.25
3442000 1240.49
3444000 1242.23
3446000 1242.5
3448000 1242.37
3450000 1242.15
3452000 1244.16
3454000 1244.17
3456000 1246.45
3458000 1247.51
3460000 1248.11
3462000 1250.39
3464000 1255.5
3466000 1256.76
3468000 1258.21
3470000 1262.38
3472000 1263.49
3474000 1263.11
3476000 1264.89
3478000 1264.59
3480000 1261.8
3482000 1264.42
3484000 1264.19
3486000 1263.35
3488000 1262.58
3490000 1263.72
3492000 1266.09
3494000 1265.32
3496000 1263.1
3498000 1264.72
3500000 1265.55
3502000 1266.06
3504000 1266.03
3506000 1263.21
3508000 1266.97
3510000 1268.33
3512000 1265.04
3514000 1267.27
3516000 1268.55
3518000 1273.27
3520000 1274.99
3522000 1276.76
3524000 1276.63
3526000 1277.84
3528000 1276.65
3530000 1277.16
3532000 1277.53
3534000 1277.38
3536000 1279.99
3538000 1278.79
3540000 1275.9
3542000 1279.97
3544000 1279.9
3546000 1281.76
3548000 1284.59
3550000 1285.39
3552000 1284.9
3554000 1284.22
3556000 1290.06
3558000 1289.27
3560000 1293.07
3562000 1295.07
3564000 1296.95
3566000 1295.97
3568000 1293.04
3570000 1291.83
3572000 1290.56
3574000 1292.26
3576000 1293.37
3578000 1294.19
3580000 1296.16
3582000 1293.27
3584000 1294.73
3586000 1299.07
3588000 1299.67
3590000 1298
3592000 1298.35
3594000 1296.83
3596000 1293.74
3598000 1297.22
3600000 1295.8
3602000 1293.17
3604000 1291.97
3606000 1294.34
3608000 1297.39
3610000 1299.87
3612000 1299.98
3614000 1297.32
3616000 1298.1
3618000 1299.22
3620000 1300.3
3622000 1300.68
3624000 1297.59
3626000 1296.8
3628000 1297.91
3630000 1299.6
3632000 1298.79
3634000 1305.14
3636000 1307.94
3638000 1304.97
3640000 1304.57
3642000 1304.72
3644000 1305.45
3646000 1305.14
3648000 1304.8
3650000 1303.28
3652000 1306.05
3654000 1309.66
3656000 1310.82
3658000 1310.12
3660000 1313.48
3662000 1312.94
3664000 1307.31
3666000 1306.72
3668000 1307.88
3670000 1308.86
3672000 1307.72
3674000 1308.75
3676000 1309.2
3678000 1308.83
3680000 1306.03
3682000 1304.28
3684000 1306.45
3686000 1305.62
3688000 1305.13
3690000 1309.62
3692000 1310.34
3694000 1309.26
3696000 1309.8
3698000 1309.41
3700000 1313.81
3702000 1313.36
3704000 1316.92
3706000 1315.28
3708000 1315.92
3710000 1318.88
3712000 1321.18
3714000 1324.26
3716000 1323.56
3718000 1325.66
3720000 1326.75
3722000 1322.68
3724000 1324.1
3726000 1323.65
3728000 1321.16
3730000 1321.35
3732000 1321.48
3734000 1322.48
3736000 1320.57
3738000 1320.17
3740000 1322.2
3742000 1319.81
3744000 1324.22
3746000 1323.14
3748000 1321.65
3750000 1321.27
3752000 1319.07
3754000 1320.45
3756000 1320.09
3758000 1325.27
3760000 1325.56
3762000 1328.11
3764000 1330.32
3766000 1329.85
3768000 1333.52
3770000 1334.58
3772000 1335.54
3774000 1337.85
3776000 1342.63
3778000 1340.94
3780000 1341.22
3782000 1344.49
3784000 1342.3
3786000 1343
3788000 1344.02
3790000 1343.36
3792000 1341.93
3794000 1340.34
3796000 1338.11
3798000 1337.86
3800000 1338.03
3802000 1341.48
3804000 1344.6
3806000 1345.52
3808000 1343.94
3810000 1345.37
3812000 1345.47
3814000 1347.24
3816000 1345.34
3818000 1342.71
3820000 1346.25
3822000 1345.15
3824000 1348.12
3826000 1349.5
3828000 1348.56
3830000 1350.44
3832000 1349.88
3834000 1351.34
3836000 1355.59
3838000 1356.6
3840000 1359.56
3842000 1361.98
3844000 1363.97
3846000 1365.97
3848000 1368.62
3850000 1369.5
3852000 1373.59
3854000 1373.32
3856000 1372.83
3858000 1373.75
3860000 1371.18
3862000 1373.7
3864000 1373.68
3866000 1374.59
3868000 1375.55
3870000 1376.96
3872000 1376.99
3874000 1375.37
3876000 1371.92
3878000 1375.94
3880000 1376.37
3882000 1382.17
3884000 1384.14
3886000 1381.61
3888000 1381.78
3890000 1383.9
3892000 1378.62
3894000 1379.92
3896000 1382.11
3898000 1382.94
3900000 1388.65
3902000 1391.78
3904000 1393.18
3906000 1394.75
3908000 1395.78
3910000 1393.46
3912000 1395.61
3914000 1397.28
3916000 1395.62
3918000 1396.22
3920000 1398.23
3922000 1396.67
3924000 1398.64
3926000 1400.38
3928000 1401.86
3930000 1400.75
3932000 1402.75
3934000 1400.43
3936000 1399.99
3938000 1397.99
3940000 1402.26
3942000 1403.9
3944000 1407.7
3946000 1408.25
3948000 1408.78
3950000 1408.19
3952000 1413.08
3954000 1410.5
3956000 1407.92
3958000 1407.83
3960000 1411.1
3962000 1414.43
3964000 1413.18
3966000 1413.37
3968000 1414.7
3970000 1418.1
3972000 1420.33
3974000 1421.62
3976000 1423.6
3978000 1424.84
3980000 1420.2
3982000 1421.91
3984000 1418.29
3986000 1415.96
3988000 1419.89
3990000 1423.1
3992000 1423.76
3994000 1422.4
3996000 1422.76
3998000 1425.53
4000000 1426.66
4002000 1431.81
4004000 1434.39
4006000 1436.66
4008000 1438.03
4010000 1436.92
4012000 1433.29
4014000 1433.69
4016000 1436.1
4018000 1435.5
4020000 1436.25
4022000 1437.27
4024000 1434
4026000 1431.13
4028000 1431.94
4030000 1431.8
4032000 1434.19
4034000 1435.7
4036000 1436.83
4038000 1439.62
4040000 1443.1
4042000 1444.61
4044000 1445.5
4046000 1448.64
4048000 1448.55
4050000 1449.47
4052000 1455.08
4054000 1454.15
4056000 1457.14
4058000 1460.03
4060000 1461.71
4062000 1461.88
4064000 1459.83
4066000 1455.64
4068000 1457.28
4070000 1457.08
4072000 1459.69
4074000 1461
4076000 1460.75
4078000 1460.51
4080000 1458.89
4082000 1462.84
4084000 1465.38
4086000 1465.31
4088000 1466.47
4090000 1466.37
4092000 1466.51
4094000 1464.79
4096000 1465.37
4098000 1466.78
4100000 1464.77
4102000 1462.27
4104000 1461.64
4106000 1463.76
4108000 1464.75
4110000 1463.97
4112000 1465.34
4114000 1468.77
4116000 1470.46
4118000 1470.96
4120000 1473.73
4122000 1474.52
4124000 1475.65
4126000 1476.31
4128000 1475.96
4130000 1481.21
4132000 1481.39
4134000 1480.84
4136000 1479.39
4138000 1483.27
4140000 1487.39
4142000 1487.24
4144000 1491.5
4146000 1488.79
4148000 1493.48
4150000 1490.7
4152000 1491.63
4154000 1490.02
4156000 1486.6
4158000 1488.35
4160000 1486.37
4162000 1489.15
4164000 1492.55
4166000 1498.88
4168000 1501.15
4170000 1503.51
4172000 1501.39
4174000 1498.2
4176000 1498.09
4178000 1501.09
4180000 1504.08
4182000 1503.43
4184000 1507.19
4186000 1507.63
4188000 1506.98
4190000 1505.8
4192000 1508.85
4194000 1508.65
4196000 1511.78
4198000 1513.26
4200000 1511.89
4202000 1505.06
4204000 1508.61
4206000 1506.44
4208000 1509.78
4210000 1512.59
4212000 1514.11
4214000 1514.65
4216000 1517.18
4218000 1520.68
4220000 1522.06
4222000 1523.8
4224000 1520.65
4226000 1519.99
4228000 1516.31
4230000 1515.28
4232000 1517.22
4234000 1517.54
4236000 1521.09
4238000 1522.73
4240000 1520.6
4242000 1520.91
4244000 1524.07
4246000 1526.57
4248000 1526.78
4250000 1523.82
4252000 1525.4
4254000 1528.31
4256000 1531.27
4258000 1533.8
4260000 1534.04
4262000 1535.52
4264000 1536.7
4266000 1536.91
4268000 1530.99
4270000 1531.63
4272000 1529.53
4274000 1529.35
4276000 1529.82
4278000 1534.29
4280000 1534.5
4282000 1534.47
4284000 1534.9
4286000 1539.07
4288000 1540.3
4290000 1538.54
4292000 1543.9
4294000 1546.04
4296000 1546.86
4298000 1547.61
4300000 1548.81
4302000 1548.11
4304000 1544.9
4306000 1545.43
4308000 1547.23
4310000 1549.17
4312000 1548.69
4314000 1548.27
4316000 1550.95
4318000 1547.94
4320000 1544.95
4322000 1542.99
4324000 1542.29
4326000 1544.01
4328000 1546.12
4330000 1548.18
4332000 1551.45
4334000 1552.47
4336000 1556.77
4338000 1556.65
4340000 1560.55
4342000 1560.4
4344000 1562.62
4346000 1563.78
4348000 1563.79
4350000 1567.13
4352000 1566.87
4354000 1565.15
4356000 1566.61
4358000 1571.14
4360000 1569.99
4362000 1568.67
4364000 1570.94
4366000 1570.68
4368000 1573.34
4370000 1568.9
4372000 1573.66
4374000 1574.36
4376000 1571.37
4378000 1570.08
4380000 1570.31
4382000 1570.58
4384000 1571.98
4386000 1576
4388000 1578.73
4390000 1581.04
4392000 1581.01
4394000 1585.98
4396000 1589.51
4398000 1590.54
4400000 1587.76
4402000 1593.66
4404000 1595.27
4406000 1597.14
4408000 1599.89
4410000 1601.33
4412000 1605.53
4414000 1605.43
4416000 1603.91
4418000 1602.7
4420000 1600.71
4422000 1598.35
4424000 1594.23
4426000 1597.32
4428000 1600
4430000 1597.16
4432000 1597.48
4434000 1597.89
4436000 1600.77
4438000 1596.78
4440000 1596.42
4442000 1594.55
4444000 1596.69
4446000 1595.71
4448000 1598.69
4450000 1597.4
4452000 1602.83
4454000 1600.24
4456000 1601.86
4458000 1605.09
4460000 1607.47
4462000 1605.73
4464000 1608.44
4466000 1606.87
4468000 1605.83
4470000 1609.91
4472000 1607.33
4474000 1607.26
4476000 1604.93
4478000 1604.27
4480000 1607.29
4482000 1605.66
4484000 1611.38
4486000 1612.52
4488000 1610.71
4490000 1616.16
4492000 1614.14
4494000 1611.19
4496000 1614.59
4498000 1613.07
4500000 1615.99
4502000 1615.48
4504000 1617.43
4506000 1619.01
4508000 1621.41
4510000 1620.95
4512000 1619.84
4514000 1622.56
4516000 1623.89
4518000 1622.7
4520000 1622.14
4522000 1624.61
4524000 1624.8
4526000 1630.02
4528000 1630.85
4530000 1631.49
4532000 1634.85
4534000 1638.61
4536000 1639.3
4538000 1637.89
4540000 1641.52
4542000 1643.36
4544000 1644.7
4546000 1648.38
4548000 1649.87
4550000 1650.93
4552000 1651.82
4554000 1655.22
4556000 1655.6
4558000 1655.54
4560000 1651.35
4562000 1656.05
4564000 1660.5
4566000 1660.7
4568000 1661.05
4570000 1662.12
4572000 1665.05
4574000 1669.5
4576000 1668.37
4578000 1666.79
4580000 1668.24
4582000 1669.77
4584000 1672.81
4586000 1676.35
4588000 1675.29
4590000 1675.49
4592000 1681.4
4594000 1679.73
4596000 1680.67
4598000 1689.19
4600000 1695.49
4602000 1696.52
4604000 1694.08
4606000 1693.03
4608000 1697.12
4610000 1697.75
4612000 1694.14
4614000 1697.67
4616000 1697.25
4618000 1697.03
4620000 1696
4622000 1692.89
4624000 1697.56
4626000 1696.29
4628000 1696.33
4630000 1695.34
4632000 1695.26
4634000 1695.52
4636000 1696.46
4638000 1696.19
4640000 1698.04
4642000 1697.1
4644000 1695.82
4646000 1697.3
4648000 1700.01
4650000 1703.07
4652000 1705.7
4654000 1704.74
4656000 1704.01
4658000 1711.55
4660000 1712.33
4662000 1712.3
4664000 1710.54
4666000 1713.25
4668000 1712.95
4670000 1710.41
4672000 1711.9
4674000 1713.61
4676000 1713.33
4678000 1716.41
4680000 1712.39
4682000 1712.47
4684000 1715.35
4686000 1713.3
4688000 1712.29
4690000 1716.09
4692000 1713.02
4694000 1712.05
4696000 1712.39
4698000 1715.81
4700000 1718.5
4702000 1717.82
4704000 1718.51
4706000 1719.17
4708000 1722.08
4710000 1724.85
4712000 1724.95
4714000 1723.45
4716000 1723.9
4718000 1725.74
4720000 1724.4
4722000 1725.63
4724000 1726.12
4726000 1728.64
4728000 1729.52
4730000 1729.3
4732000 1726.9
4734000 1729.07
4736000 1727.02
4738000 1727.67
4740000 1728.01
4742000 1729.11
4744000 1732.05
4746000 1736.77
4748000 1735.54
4750000 1733.06
4752000 1732.74
4754000 1730.99
4756000 1732.67
4758000 1732.82
4760000 1733.16
4762000 1737.62
4764000 1737.93
4766000 1738.38
4768000 1735.77
4770000 1737.07
4772000 1737.47
4774000 1739.3
4776000 1740.26
4778000 1742.24
4780000 1743.35
4782000 1741.06
4784000 1743.52
4786000 1747.71
4788000 1751.2
4790000 1748.52
4792000 1745.69
4794000 1742.84
4796000 1746.24
4798000 1749.76
4800000 1753.06
4802000 1750.37
4804000 1753.83
4806000 1754.2
4808000 1757.26
4810000 1762.18
4812000 1764.35
4814000 1767.1
4816000 1768.43
4818000 1762.27
4820000 1760.44
4822000 1761.9
4824000 1757.05
4826000 1760.37
4828000 1759.55
4830000 1755.68
4832000 1757.32
4834000 1757.19
4836000 1755.9
4838000 1755.51
4840000 1756.63
4842000 1759.52
4844000 1765.68
4846000 1772.46
4848000 1768.69
4850000 1769.65
4852000 1769.74
4854000 1773.46
4856000 1768.86
4858000 1765.57
4860000 1765.04
4862000 1769.51
4864000 1771.47
4866000 1774.05
4868000 1777.1
4870000 1779.88
4872000 1784.85
4874000 1780.12
4876000 1779.9
4878000 1779.8
4880000 1782
4882000 1791.09
4884000 1793.72
4886000 1793.33
4888000 1793.25
4890000 1791.02
4892000 1786.98
4894000 1781.99
4896000 1782.36
4898000 1780.37
4900000 1779.36
4902000 1778.76
4904000 1781.34
4906000 1783.03
4908000 1784.23
4910000 1787.09
4912000 1783.18
4914000 1781.22
4916000 1786.23
4918000 1787.99
4920000 1789.85
4922000 1790.47
4924000 1790.75
4926000 1789.13
4928000 1789.63
4930000 1789.21
4932000 1794.53
4934000 1788.23
4936000 1791.78
4938000 1793.18
4940000 1798.24
4942000 1796.69
4944000 1794.15
4946000 1795.24
4948000 1790.79
4950000 1794.14
4952000 1795.56
4954000 1796.27
4956000 1800.81
4958000 1804.71
4960000 1808.23
4962000 1806.94
4964000 1806.14
4966000 1803.18
4968000 1798.56
4970000 1798.97
4972000 1799.72
4974000 1799.48
4976000 1800.71
4978000 1804.29
4980000 1803.46
4982000 1807.47
4984000 1810.91
4986000 1814.06
4988000 1811.7
4990000 1811.74
4992000 1814.21
4994000 1815.45
4996000 1815.65
4998000 1811.21
5000000 1815.41
5002000 1813.75
5004000 1810.44
5006000 1812.94
5008000 1814.7
5010000 1814.83
5012000 1817.66
5014000 1817.81
5016000 1818.46
5018000 1816.06
5020000 1817.76
5022000 1825.01
5024000 1820.31
5026000 1824.48
5028000 1826.38
5030000 1824.69
5032000 1822.53
5034000 1826.4
5036000 1828.38
5038000 1827.25
5040000 1829.12
5042000 1831.26
5044000 1833.97
5046000 1839.26
5048000 1841.42
5050000 1841.28
5052000 1833.29
5054000 1835.5
5056000 1836.92
5058000 1840.93
5060000 1847.02
5062000 1845.4
5064000 1847.86
5066000 1846.88
5068000 1848.48
5070000 1842.67
5072000 1839.61
5074000 1845.23
5076000 1844.43
5078000 1840.49
5080000 1839.61
5082000 1841.27
5084000 1839.72
5086000 1838.09
5088000 1841.83
5090000 1841.89
5092000 1843
5094000 1840.9
5096000 1840.03
5098000 1838.04
5100000 1836.49
5102000 1835.26
5104000 1836.96
5106000 1837.33
5108000 1837.59
5110000 1839.94
5112000 1848.04
5114000 1854.05
5116000 1856.8
5118000 1857.03
5120000 1855.4
5122000 1854.6
5124000 1852.07
5126000 1848.3
5128000 1852.07
5130000 1850.33
5132000 1851.05
5134000 1849.81
5136000 1848.53
5138000 1849.32
5140000 1850.86
5142000 1856.56
5144000 1855.99
5146000 1860.03
5148000 1864.55
5150000 1868.06
5152000 1863.78
5154000 1863.5
5156000 1863.94
5158000 1867.66
5160000 1872.79
5162000 1875.15
5164000 1875.76
5166000 1876.6
5168000 1878.15
5170000 1875.17
5172000 1875.17
5174000 1879.21
5176000 1879.39
5178000 1881.92
5180000 1882.1
5182000 1880.27
5184000 1883.68
5186000 1884.51
5188000 1885.2
5190000 1890.59
5192000 1891.46
5194000 1889.25
5196000 1889.91
5198000 1891.75
5200000 1888.22
5202000 1885.5
5204000 1881.1
5206000 1885.44
5208000 1885.28
5210000 1884.76
5212000 1883.67
5214000 1885.54
5216000 1887.49
5218000 1885.16
5220000 1883.49
5222000 1882.89
5224000 1887.02
5226000 1885.62
5228000 1885.29
5230000 1884.37
5232000 1888.47
5234000 1887.15
5236000 1887.49
5238000 1883.46
5240000 1885.36
5242000 1889.75
5244000 1884.95
5246000 1886.03
5248000 1886.22
5250000 1882.18
5252000 1887.95
5254000 1893.47
5256000 1895.5
5258000 1896.74
5260000 1893.89
5262000 1897.87
5264000 1897.76
5266000 1898.73
5268000 1897.91
5270000 1894.67
5272000 1895.51
5274000 1896.33
5276000 1896.36
5278000 1894.74
5280000 1897.22
5282000 1894.5
5284000 1892.62
5286000 1893.45
5288000 1897.2
5290000 1899.4
5292000 1902.99
5294000 1903.36
5296000 1903.1
5298000 1905.9
5300000 1906.53
5302000 1909.36
5304000 1908.84
5306000 1907.57
5308000 1906.97
5310000 1907.82
5312000 1910.78
5314000 1907.12
5316000 1905.6
5318000 1907.88
5320000 1912.14
5322000 1915.17
5324000 1912.75
5326000 1914.99
5328000 1911.98
5330000 1912.14
5332000 1905.77
5334000 1904.14
5336000 1905.19
5338000 1907.17
5340000 1910.21
5342000 1908.26
5344000 1905.85
5346000 1906.11
5348000 1906.37
5350000 1907.78
5352000 1912.75
5354000 1912.7
5356000 1912.37
5358000 1914.91
5360000 1917.05
5362000 1914.52
5364000 1913.72
5366000 1912.29
5368000 1910.14
5370000 1907.85
5372000 1910.11
5374000 1910.66
5376000 1910.53
5378000 1914
5380000 1913.26
5382000 1911.95
5384000 1916.58
5386000 1913.99
5388000 1910.51
5390000 1911.3
5392000 1911.47
5394000 1913.68
5396000 1916.37
5398000 1918.42
5400000 1919.59
5402000 1921.06
5404000 1921.18
5406000 1921.67
5408000 1921.14
5410000 1922.46
5412000 1924.53
5414000 1927.64
5416000 1924.51
5418000 1922.78
5420000 1928.06
5422000 1926.42
5424000 1926.36
5426000 1929.01
5428000 1928.94
5430000 1926.88
5432000 1928.69
5434000 1928.37
5436000 1929.55
5438000 1930.91
5440000 1932.35
5442000 1927.64
5444000 1928.52
5446000 1928.45
5448000 1933.17
5450000 1939.41
5452000 1937.8
5454000 1932.03
5456000 1936.69
5458000 1939.85
5460000 1934.02
5462000 1935.51
5464000 1934.06
5466000 1934.35
5468000 1938.14
5470000 1941.82
5472000 1943.22
5474000 1943
5476000 1941.11
5478000 1940.77
5480000 1941.8
5482000 1943.3
5484000 1945.42
5486000 1945.8
5488000 1946.37
5490000 1948.21
5492000 1953.67
5494000 1957.57
5496000 1956.77
5498000 1953.96
5500000 1957.01
5502000 1956.85
5504000 1961.51
5506000 1960.73
5508000 1957.84
5510000 1959.45
5512000 1966.5
5514000 1969.84
5516000 1971.41
5518000 1976.65
5520000 1978.05
5522000 1972.93
5524000 1974.12
5526000 1975.2
5528000 1973.26
5530000 1972.84
5532000 1970.77
5534000 1965.8
5536000 1967.32
5538000 1971.45
5540000 1973.9
5542000 1977.24
5544000 1979.22
5546000 1981.18
5548000 1981.24
5550000 1986.59
5552000 1988.56
5554000 1988.14
5556000 1988.87
5558000 1986.41
5560000 1989.88
5562000 1991.66
5564000 1990.86
5566000 1985.95
5568000 1989.06
5570000 1989.42
5572000 1991.83
5574000 1994.32
5576000 1996.46
5578000 1999.71
5580000 2003.04
5582000 2005.54
5584000 2007.75
5586000 2010.52
5588000 2011.57
5590000 2017.87
5592000 2016.77
5594000 2019.59
5596000 2019.14
5598000 2014.09
5600000 2015.85
5602000 2012.73
5604000 2016.98
5606000 2020.98
5608000 2025.65
5610000 2029.2
5612000 2027.87
5614000 2031.05
5616000 2033.52
5618000 2035.51
5620000 2035.37
5622000 2035.08
5624000 2037.59
5626000 2035.81
5628000 2040.28
5630000 2039.31
5632000 2039.58
5634000 2036.26
5636000 2034.49
5638000 2036.94
5640000 2039.78
5642000 2044.31
5644000 2041.83
5646000 2046.91
5648000 2043.78
5650000 2045.77
5652000 2045.14
5654000 2043.61
5656000 2046.8
5658000 2048.6
5660000 2051.45
5662000 2051.22
5664000 2054.39
5666000 2051.4
5668000 2054.98
5670000 2058.4
5672000 2062.4
5674000 2068.53
5676000 2071.3
5678000 2070.87
5680000 2070.63
5682000 2071.73
5684000 2077.05
5686000 2070.15
5688000 2069.87
5690000 2076.58
5692000 2075.43
5694000 2073.07
5696000 2068.54
5698000 2068.9
5700000 2067.42
5702000 2068.31
5704000 2069.99
5706000 2073.7
5708000 2073.8
5710000 2075.12
5712000 2076.18
5714000 2077.93
5716000 2082.15
5718000 2081.13
5720000 2075.13
5722000 2082.43
5724000 2082.19
5726000 2079.57
5728000 2074.59
5730000 2073.61
5732000 2073.37
5734000 2071.88
5736000 2072.78
5738000 2073.37
5740000 2075.5
5742000 2077.54
5744000 2075.16
5746000 2073.3
5748000 2070.69
5750000 2078.51
5752000 2079.17
5754000 2076.03
5756000 2069.13
5758000 2066.78
5760000 2068.76
5762000 2071.43
5764000 2067.14
5766000 2069.94
5768000 2070.88
5770000 2074.41
5772000 2081.86
5774000 2075.56
5776000 2076.42
5778000 2078.6
5780000 2082.27
5782000 2086.69
5784000 2085.13
5786000 2084.46
5788000 2084.95
5790000 2083.09
5792000 2081.83
5794000 2080.08
5796000 2080.68
5798000 2082.1
5800000 2086.32
5802000 2091.26
5804000 2091.69
5806000 2083.82
5808000 2088.54
5810000 2090.47
5812000 2092.73
5814000 2092.85
5816000 2093.97
5818000 2093.72
5820000 2098.27
5822000 2103.74
5824000 2105.6
5826000 2107.02
5828000 2106.39
5830000 2106.89
5832000 2102.71
5834000 2102.56
5836000 2105.5
5838000 2112.6
5840000 2115.84
5842000 2115.61
5844000 2112.24
5846000 2111.92
5848000 2111.44
5850000 2109.55
5852000 2103
5854000 2106.22
5856000 2108.02
5858000 2110.24
5860000 2114.06
5862000 2116.01
5864000 2118.46
5866000 2119.47
5868000 2116.41
5870000 2112.66
5872000 2114.75
5874000 2112.14
5876000 2114.25
5878000 2114.9
5880000 2121.39
5882000 2122.75
5884000 2120.18
5886000 2117.28
5888000 2119.46
5890000 2118.52
5892000 2122.96
5894000 2126.37
5896000 2127.36
5898000 2129.46
5900000 2128.87
5902000 2128.81
5904000 2129.73
5906000 2130.31
5908000 2132.66
5910000 2129.51
5912000 2135.18
5914000 2130.36
5916000 2128.62
5918000 2124.4
5920000 2126.98
5922000 2133.52
5924000 2135.16
5926000 2132.02
5928000 2130.76
5930000 2134.19
5932000 2132.96
5934000 2130.74
5936000 2124.5
5938000 2122.51
5940000 2126.44
5942000 2134.62
5944000 2140.69
5946000 2144.64
5948000 2148.41
5950000 2147.43
5952000 2143.69
5954000 2144.82
5956000 2145.39
5958000 2145.44
5960000 2145.37
5962000 2143.52
5964000 2142.11
5966000 2147.18
5968000 2153.86
5970000 2154.7
5972000 2151.24
5974000 2151.75
5976000 2148.86
5978000 2152.11
5980000 2151.6
5982000 2151.23
5984000 2151.53
5986000 2149.21
5988000 2148.1
5990000 2147.86
5992000 2146.85
5994000 2145.65
5996000 2144.04
5998000 2146.63
6000000 2144.61
6002000 2140
6004000 2142.86
6006000 2145.61
6008000 2148.77
6010000 2149.92
6012000 2152.27
6014000 2152.87
6016000 2157.14
6018000 2162.31
6020000 2163.24
6022000 2165.52
6024000 2167.56
6026000 2165.14
6028000 2166.32
6030000 2162.05
6032000 2161.32
6034000 2164.91
6036000 2166.11
6038000 2170.06
6040000 2169.14
6042000 2172.91
6044000 2165.46
6046000 2168.73
6048000 2168.35
6050000 2161.04
6052000 2158.63
6054000 2167.51
6056000 2166.8
6058000 2166.84
6060000 2170.41
6062000 2171.33
6064000 2174.15
6066000 2173.43
6068000 2173.27
6070000 2177.86
6072000 2183.67
6074000 2183.66
6076000 2182.47
6078000 2181.25
6080000 2187.41
6082000 2189.81
6084000 2186.89
6086000 2190.29
6088000 2188.79
6090000 2185.01
6092000 2188.21
6094000 2191.69
6096000 2187.47
6098000 2185.78
6100000 2184.77
6102000 2189.06
6104000 2189.83
6106000 2186.43
6108000 2184.24
6110000 2190.97
6112000 2191.79
6114000 2199.68
6116000 2202.08
6118000 2202.16
6120000 2202.63
6122000 2205.43
6124000 2206.49
6126000 2206.6
6128000 2210.29
6130000 2207.51
6132000 2205.8
6134000 2202.17
6136000 2199.53
6138000 2204.38
6140000 2210.54
6142000 2208.51
6144000 2208.72
6146000 2215
6148000 2214.43
6150000 2207.44
6152000 2207.79
6154000 2209.31
6156000 2209.73
6158000 2206.12
6160000 2210.29
6162000 2205.87
6164000 2210.01
6166000 2211.25
6168000 2221.16
6170000 2222.48
6172000 2222.19
6174000 2224.83
6176000 2233.08
6178000 2238.78
6180000 2243.04
6182000 2245.66
6184000 2241.61
6186000 2244.84
6188000 2244.48
6190000 2244.98
6192000 2246.03
6194000 2249.23
6196000 2252.58
6198000 2250.72
6200000 2248.74
6202000 2250.29
6204000 2252.87
6206000 2252.77
6208000 2255.6
6210000 2256.36
6212000 2258.75
6214000 2256.33
6216000 2259.03
6218000 2263.67
6220000 2262.66
6222000 2270.32
6224000 2269.16
6226000 2263.09
6228000 2264.58
6230000 2267.39
6232000 2271.3
6234000 2274.47
6236000 2273.48
6238000 2280.75
6240000 2277.25
6242000 2272.06
6244000 2271.09
6246000 2269.27
6248000 2274.29
6250000 2275.26
6252000 2271.92
6254000 2273.19
6256000 2275.99
6258000 2278.74
6260000 2274.56
6262000 2281.87
6264000 2281.88
6266000 2285.78
6268000 2290.93
6270000 2294.06
6272000 2297.73
6274000 2298.6
6276000 2297.34
6278000 2297.68
6280000 2295.68
6282000 2296.02
6284000 2296.02
6286000 2290.32
6288000 2292.57
6290000 2298.59
6292000 2298.19
6294000 2296.97
6296000 2295.17
6298000 2301.03
6300000 2305.24
6302000 2300.14
6304000 2300.41
6306000 2303.19
6308000 2298.47
6310000 2303.34
6312000 2311.32
6314000 2311.94
6316000 2316.2
6318000 2312.96
6320000 2310.43
6322000 2316.69
6324000 2317.01
6326000 2318.56
6328000 2317.28
6330000 2316.22
6332000 2311.6
6334000 2310.89
6336000 2313.65
6338000 2310.05
6340000 2308.66
6342000 2306.95
6344000 2310.55
6346000 2309.83
6348000 2311.21
6350000 2312.22
6352000 2307.37
6354000 2305.37
6356000 2307.54
6358000 2307.76
6360000 2308.15
6362000 2310.97
6364000 2309.25
6366000 2303.93
6368000 2304.79
6370000 2307.76
6372000 2316.47
6374000 2314.71
6376000 2307.59
6378000 2306.05
6380000 2309.11
6382000 2307.37
6384000 2304.36
6386000 2306.77
6388000 2309.7
6390000 2312.57
6392000 2314.51
6394000 2317.03
6396000 2320.75
6398000 2317.1
6400000 2315.84
6402000 2318.27
6404000 2322.02
6406000 2321.34
6408000 2324.35
6410000 2322.64
6412000 2318.01
6414000 2320.83
6416000 2318.6
6418000 2320.59
6420000 2319.17
6422000 2320.84
6424000 2318.27
6426000 2320.29
6428000 2320.36
6430000 2323.12
6432000 2327.63
6434000 2329.47
6436000 2331.42
6438000 2334.33
6440000 2335.19
6442000 2334.52
6444000 2333.37
6446000 2334.92
6448000 2334.53
6450000 2341.26
6452000 2339.85
6454000 2341.18
6456000 2346.76
6458000 2350.65
6460000 2346.58
6462000 2347.62
6464000 2347.17
6466000 2346.56
6468000 2348.95
6470000 2347.69
6472000 2343.47
6474000 2344.45
6476000 2346.62
6478000 2344.5
6480000 2346.98
6482000 2345.69
6484000 2350.44
6486000 2358.9
6488000 2355.47
6490000 2352.46
6492000 2354.05
6494000 2358.61
6496000 2358.59
6498000 2358.67
6500000 2360.18
6502000 2359.57
6504000 2354.88
6506000 2352.76
6508000 2349.75
6510000 2353
6512000 2352.82
6514000 2356.58
6516000 2356.46
6518000 2355.48
6520000 2353.55
6522000 2359.12
6524000 2361.49
6526000 2358.63
6528000 2366.39
6530000 2364.45
6532000 2362.02
6534000 2368.2
6536000 2371.79
6538000 2368.94
6540000 2372.14
6542000 2370.98
6544000 2367.88
6546000 2370.37
6548000 2370.15
6550000 2376.24
6552000 2378.45
6554000 2372.74
6556000 2369.8
6558000 2374.31
6560000 2372.27
6562000 2375.13
6564000 2374.35
6566000 2379.96
6568000 2379.85
6570000 2382.9
6572000 2378.4
6574000 2376.79
6576000 2380.67
6578000 2386.51
6580000 2384.4
6582000 2385.86
6584000 2384.52
6586000 2380.04
6588000 2391.2
6590000 2397.96
6592000 2406.4
6594000 2400.25
6596000 2401.08
6598000 2409.87
6600000 2412.19
6602000 2418.26
6604000 2421.21
6606000 2420.92
6608000 2414.77
6610000 2415.91
6612000 2415.35
6614000 2422.22
6616000 2421.24
6618000 2425.36
6620000 2424.7
6622000 2423.68
6624000 2426.08
6626000 2423.45
6628000 2424.02
6630000 2425.6
6632000 2431.55
6634000 2427.72
6636000 2423.54
6638000 2421.48
6640000 2414.25
6642000 2416.41
6644000 2413.16
6646000 2412.6
6648000 2411.55
6650000 2410.9
6652000 2414.56
6654000 2416.54
6656000 2414.02
6658000 2404.31
6660000 2409.43
6662000 2416.03
6664000 2420.12
6666000 2421.98
6668000 2416.15
6670000 2417.4
6672000 2417.82
6674000 2414.13
6676000 2412.12
6678000 2407.89
6680000 2412.95
6682000 2410.9
6684000 2416.27
6686000 2421.14
6688000 2427.95
6690000 2424.65
6692000 2425.3
6694000 2426.76
6696000 2423.59
6698000 2427.28
6700000 2426.42
6702000 2420.28
6704000 2424.44
6706000 2423.75
6708000 2425.92
6710000 2427.28
6712000 2425.68
6714000 2429.67
6716000 2431.84
6718000 2434.57
6720000 2438.35
6722000 2438.11
6724000 2437.36
6726000 2441.65
6728000 2449.66
6730000 2449.38
6732000 2455.8
6734000 2456.84
6736000 2459.55
6738000 2455.67
6740000 2452.81
6742000 2457.59
6744000 2462.25
6746000 2461.49
6748000 2456.85
6750000 2453.24
6752000 2451.49
6754000 2453.38
6756000 2458.89
6758000 2457.44
6760000 2457.62
6762000 2460.32
6764000 2459.12
6766000 2458.69
6768000 2460.06
6770000 2460.94
6772000 2461.03
6774000 2462.46
6776000 2469.94
6778000 2468.38
6780000 2465.76
6782000 2466.91
6784000 2467.61
6786000 2469.89
6788000 2462.34
6790000 2459.64
6792000 2464.43
6794000 2463.89
6796000 2470.96
6798000 2467.99
6800000 2469.59
6802000 2471.16
6804000 2464.41
6806000 2462.85
6808000 2464.5
6810000 2462.97
6812000 2463.52
6814000 2466.44
6816000 2463.37
6818000 2465.59
6820000 2474.85
6822000 2478.87
6824000 2479.18
6826000 2480.98
6828000 2481.1
6830000 2482.57
6832000 2486.01
6834000 2481.55
6836000 2482.59
6838000 2480.64
6840000 2476.64
6842000 2478.59
6844000 2482.66
6846000 2482.14
6848000 2473.99
6850000 2477.65
6852000 2477.99
6854000 2486
6856000 2486.69
6858000 2483.7
6860000 2486.87
6862000 2481.28
6864000 2477.68
6866000 2481.23
6868000 2484.15
6870000 2484.69
6872000 2481.7
6874000 2481.65
6876000 2479.17
6878000 2483.91
6880000 2488.1
6882000 2488.84
6884000 2491.8
6886000 2492.28
6888000 2485.93
6890000 2487.65
6892000 2484.04
6894000 2484.52
6896000 2487.23
6898000 2496.72
6900000 2495.13
6902000 2488.36
6904000 2490.93
6906000 2491.97
6908000 2494.2
6910000 2490.68
6912000 2490.5
6914000 2490.52
6916000 2493.48
6918000 2489.83
6920000 2487.37
6922000 2486.22
6924000 2483.84
6926000 2482.59
6928000 2479.77
6930000 2476.15
6932000 2484.02
6934000 2483.39
6936000 2486.39
6938000 2487.48
6940000 2488.96
6942000 2492.09
6944000 2496.75
6946000 2501.06
6948000 2499.72
6950000 2500.55
6952000 2496.08
6954000 2494.45
6956000 2497.57
6958000 2495.82
6960000 2497.23
6962000 2503.25
6964000 2505.76
6966000 2507.24
6968000 2505.3
6970000 2505.93
6972000 2503.68
6974000 2508.81
6976000 2515.18
6978000 2521.87
6980000 2516.33
6982000 2511.06
6984000 2510.06
6986000 2509.3
6988000 2507.09
6990000 2507.12
6992000 2506.83
6994000 2505.4
6996000 2499.92
6998000 2504.42
7000000 2504.8
7002000 2504.97
7004000 2501.47
7006000 2496.97
7008000 2494.96
7010000 2496.23
7012000 2498.03
7014000 2496.38
7016000 2497.22
7018000 2494.75
7020000 2495.77
7022000 2495.59
7024000 2495.35
7026000 2502.58
7028000 2505.22
7030000 2503.62
7032000 2499.63
7034000 2503.42
7036000 2501.96
7038000 2505.03
7040000 2500.97
7042000 2502.34
7044000 2501.21
7046000 2498.21
7048000 2488.5
7050000 2492.74
7052000 2499.25
7054000 2505.3
7056000 2506.94
7058000 2503.26
7060000 2500.63
7062000 2497.39
7064000 2501.72
7066000 2505.33
7068000 2506.64
7070000 2506.59
7072000 2511.23
7074000 2512.74
7076000 2514.81
7078000 2509.68
7080000 2508.04
7082000 2511.24
7084000 2513.18
7086000 2515.04
7088000 2519.02
7090000 2519.67
7092000 2524.54
7094000 2521.35
7096000 2515.93
7098000 2519.08
7100000 2524.51
7102000 2531.79
7104000 2533.11
7106000 2531.25
7108000 2537.05
7110000 2539.12
7112000 2540.03
7114000 2545.46
7116000 2548.57
7118000 2545.66
7120000 2547.26
7122000 2542.48
7124000 2541.12
7126000 2541.13
7128000 2549.04
7130000 2544.45
7132000 2543.77
7134000 2541.45
7136000 2537.46
7138000 2542.23
7140000 2544.17
7142000 2545.87
7144000 2543.05
7146000 2540.1
7148000 2541.38
7150000 2544.25
7152000 2547.73
7154000 2550.48
7156000 2550.16
7158000 2551.98
7160000 2550.3
7162000 2548.35
7164000 2547.15
7166000 2550.12
7168000 2557.52
7170000 2557.68
7172000 2556.51
7174000 2557.83
7176000 2556.6
7178000 2554.02
7180000 2553.6
7182000 2561.52
7184000 2558.6
7186000 2552.78
7188000 2550.81
7190000 2548.88
7192000 2553.46
7194000 2556.56
7196000 2556.45
7198000 2559.39
7200000 2565.79
7202000 2570.91
7204000 2575.6
7206000 2580.1
7208000 2576.32
7210000 2578.05
7212000 2576.58
7214000 2575.63
7216000 2570.12
7218000 2569.99
7220000 2576.2
7222000 2575.07
7224000 2570.01
7226000 2566.58
7228000 2562.1
7230000 2562.7
7232000 2566.2
7234000 2564.49
7236000 2567.32
7238000 2568.4
7240000 2565.7
7242000 2571.29
7244000 2567.94
7246000 2567.34
7248000 2571.51
7250000 2569.22
7252000 2568.27
7254000 2567.68
7256000 2567.04
7258000 2565.69
7260000 2569.04
7262000 2574.53
7264000 2574.36
7266000 2573.05
7268000 2573.47
7270000 2574.76
7272000 2576.86
7274000 2571.07
7276000 2572.36
7278000 2575.3
7280000 2576.42
7282000 2582.89
7284000 2579.3
7286000 2576.84
7288000 2574.86
7290000 2574.07
7292000 2574.05
7294000 2581.44
7296000 2585.5
7298000 2584.11
7300000 2579.7
7302000 2577.01
7304000 2582.38
7306000 2582.27
7308000 2585.07
7310000 2584.39
7312000 2590.93
7314000 2589.79
7316000 2583.04
7318000 2585.1
7320000 2587.31
7322000 2583.97
7324000 2590.27
7326000 2588.9
7328000 2583.41
7330000 2583.79
7332000 2588.21
7334000 2589.66
7336000 2589.92
7338000 2592.23
7340000 2588.92
7342000 2591.3
7344000 2594.11
7346000 2595.51
7348000 2599.64
7350000 2606.15
7352000 2607.7
7354000 2606.96
7356000 2606.27
7358000 2608.11
7360000 2607.87
7362000 2605.89
7364000 2604.13
7366000 2600.94
7368000 2605.29
7370000 2606.06
7372000 2603.88
7374000 2602.78
7376000 2607.77
7378000 2609.97
7380000 2607.53
7382000 2608.66
7384000 2609.57
7386000 2613.63
7388000 2616.19
7390000 2618.72
7392000 2620.47
7394000 2622.91
7396000 2629.52
7398000 2624.52
7400000 2623.71
7402000 2625.45
7404000 2621.55
7406000 2625.88
7408000 2632.31
7410000 2632.13
7412000 2634.42
7414000 2634.2
7416000 2631.96
7418000 2628.27
7420000 2634.2
7422000 2633.31
7424000 2639.34
7426000 2642.42
7428000 2637.22
7430000 2638.63
7432000 2642.8
7434000 2635.11
7436000 2634.95
7438000 2638.7
7440000 2639.46
7442000 2638.23
7444000 2640.46
7446000 2636.78
7448000 2633.31
7450000 2638.19
7452000 2634.61
7454000 2634.38
7456000 2634.23
7458000 2638.78
7460000 2638.07
7462000 2642.96
7464000 2642.38
7466000 2638.83
7468000 2636.44
7470000 2639.23
7472000 2640.04
7474000 2640.6
7476000 2645.69
7478000 2644.87
7480000 2645.22
7482000 2642.59
7484000 2646.57
7486000 2649.46
7488000 2647.32
7490000 2646.81
7492000 2641.88
7494000 2637.11
7496000 2629.48
7498000 2629.94
7500000 2632.28
7502000 2633.21
7504000 2636.92
7506000 2635.95
7508000 2639.32
7510000 2638.93
7512000 2641.44
7514000 2638.33
7516000 2642.66
7518000 2645.44
7520000 2647.77
7522000 2651.67
7524000 2646.22
7526000 2645.77
7528000 2645.87
7530000 2644.21
7532000 2647.94
7534000 2646
7536000 2645.3
7538000 2647.64
7540000 2649.99
7542000 2653.5
7544000 2653.22
7546000 2652.2
7548000 2650.01
7550000 2656.5
7552000 2660.09
7554000 2657.6
7556000 2656.15
7558000 2657.19
7560000 2662.35
7562000 2661.79
7564000 2656.2
7566000 2657.91
7568000 2652.22
7570000 2653.34
7572000 2656.85
7574000 2657.61
7576000 2659.58
7578000 2662.47
7580000 2667.15
7582000 2673.24
7584000 2670.5
7586000 2665.5
7588000 2660.46
7590000 2661.12
7592000 2666.04
7594000 2668.38
7596000 2675.1
7598000 2670.94
7600000 2673.83
7602000 2672.25
7604000 2664.11
7606000 2661.71
7608000 2669.9
7610000 2665.02
7612000 2661.26
7614000 2665.83
7616000 2661.99
7618000 2661.58
7620000 2659.06
7622000 2658.12
7624000 2665.97
7626000 2666.62
7628000 2670.33
7630000 2667.43
7632000 2670.54
7634000 2680.07
7636000 2681.8
7638000 2679.48
7640000 2681.44
7642000 2685.74
7644000 2683.65
7646000 2683.58
7648000 2689.47
7650000 2689.4
7652000 2684.98
7654000 2676.57
7656000 2675.85
7658000 2679.74
7660000 2682.39
7662000 2682.9
7664000 2684.06
7666000 2680.67
7668000 2686.57
7670000 2683.06
7672000 2685.31
7674000 2693.56
7676000 2698.32
7678000 2702.87
7680000 2706.67
7682000 2705.58
7684000 2705.75
7686000 2705.64
7688000 2704.27
7690000 2702.2
7692000 2706.55
7694000 2708.37
7696000 2708.24
7698000 2704.4
7700000 2711.2
7702000 2716.49
7704000 2721.68
7706000 2728.43
7708000 2724.72
7710000 2724.1
7712000 2727.41
7714000 2726.16
7716000 2721.87
7718000 2720.4
7720000 2717.23
7722000 2714.34
7724000 2713.12
7726000 2708.56
7728000 2713.6
7730000 2713.7
7732000 2712.54
7734000 2714.55
7736000 2715.4
7738000 2712.33
7740000 2714.88
7742000 2718.81
7744000 2725.96
7746000 2729.18
7748000 2731.97
7750000 2733.38
7752000 2734.09
7754000 2729.24
7756000 2726.11
7758000 2724.85
7760000 2726.06
7762000 2729.37
7764000 2734.67
7766000 2731.76
7768000 2732.25
7770000 2734.94
7772000 2734.98
7774000 2732.61
7776000 2732.33
7778000 2732.04
7780000 2735.19
7782000 2735.52
7784000 2740.85
7786000 2740.21
7788000 2735.21
7790000 2738.07
7792000 2736.38
7794000 2732.25
7796000 2732.91
7798000 2730.31
7800000 2727.94
7802000 2733.09
7804000 2732.21
7806000 2736.54
7808000 2736.24
7810000 2735.37
7812000 2729.13
7814000 2735.81
7816000 2734.41
7818000 2736.74
7820000 2738.79
7822000 2741.55
7824000 2744.88
7826000 2746.96
7828000 2741.08
7830000 2742.43
7832000 2743.91
7834000 2743.95
7836000 2745.65
7838000 2748.29
7840000 2750.57
7842000 2747.7
7844000 2744.78
7846000 2743.44
7848000 2745.46
7850000 2742.99
7852000 2746.6
7854000 2747.47
7856000 2742.81
7858000 2741.05
7860000 2738.3
7862000 2734.43
7864000 2733.97
7866000 2732.21
7868000 2737.45
7870000 2745.57
7872000 2745.22
7874000 2746.7
7876000 2748.17
7878000 2746.07
7880000 2739.37
7882000 2736.11
7884000 2735.2
7886000 2737.05
7888000 2737.14
7890000 2744.88
7892000 2750.67
7894000 2744.68
7896000 2740.13
7898000 2744.9
7900000 2746.65
7902000 2746.6
7904000 2744.95
7906000 2741.87
7908000 2738.3
7910000 2741.62
7912000 2740.43
7914000 2740.14
7916000 2736.61
7918000 2734.14
7920000 2739.56
7922000 2734.56
7924000 2738.54
7926000 2737.07
7928000 2735.92
7930000 2731.52
7932000 2734.62
7934000 2737.74
7936000 2737.16
7938000 2742.45
7940000 2740.88
7942000 2740.38
7944000 2744.56
7946000 2747.22
7948000 2747.36
7950000 2748.78
7952000 2751.8
7954000 2752.33
7956000 2755.19
7958000 2753.37
7960000 2753.65
7962000 2755.74
7964000 2765.66
7966000 2762.03
7968000 2762.27
7970000 2763.2
7972000 2761.03
7974000 2755.72
7976000 2755.39
7978000 2758.47
7980000 2755.32
7982000 2749.97
7984000 2746.8
7986000 2750.32
7988000 2751.24
7990000 2751.33
7992000 2754.69
7994000 2758.54
7996000 2761.4
7998000 2762.3
8000000 2770.94
8002000 2769.47
8004000 2771.92
8006000 2776.81
8008000 2782.44
8010000 2778.85
8012000 2779.96
8014000 2773.77
8016000 2774.34
8018000 2768.99
8020000 2768.03
8022000 2766.58
8024000 2767.8
8026000 2768.68
8028000 2768.69
8030000 2766.98
8032000 2766.83
8034000 2770
8036000 2775.19
8038000 2773.78
8040000 2770.76
8042000 2766.11
8044000 2766.31
8046000 2768.25
8048000 2769.44
8050000 2775.47
8052000 2781.12
8054000 2787.13
8056000 2786.55
8058000 2787.68
8060000 2791.11
8062000 2787.08
8064000 2784.79
8066000 2780.5
8068000 2778.59
8070000 2783.91
8072000 2791.06
8074000 2787.2
8076000 2782.85
8078000 2780.15
8080000 2784.41
8082000 2778.89
8084000 2777.46
8086000 2777.29
8088000 2777.75
8090000 2777.75
8092000 2776.15
8094000 2774.49
8096000 2784.7
8098000 2790.73
8100000 2794.17
8102000 2795.21
8104000 2799.25
8106000 2798.99
8108000 2797.58
8110000 2796.24
8112000 2797.91
8114000 2794.33
8116000 2794.5
8118000 2790.42
8120000 2790.3
8122000 2791.25
8124000 2794.5
8126000 2796.53
8128000 2797.34
8130000 2798.13
8132000 2798.32
8134000 2797.19
8136000 2795.96
8138000 2792.97
8140000 2794.85
8142000 2800.01
8144000 2799.16
8146000 2801.97
8148000 2802.05
8150000 2801.85
8152000 2809.41
8154000 2809.01
8156000 2813.51
8158000 2811.7
8160000 2815.46
8162000 2810.79
8164000 2808.43
8166000 2813.74
8168000 2812.62
8170000 2814.18
8172000 2816.61
8174000 2818.76
8176000 2814.17
8178000 2822.11
8180000 2826.38
8182000 2822.47
8184000 2828.64
8186000 2825.99
8188000 2823.24
8190000 2825.94
8192000 2830.24
8194000 2833.98
8196000 2831.99
8198000 2841.16
8200000 2854.71
8202000 2857.19
8204000 2852.8
8206000 2852.88
8208000 2851.59
8210000 2850.72
8212000 2850.62
8214000 2846.76
8216000 2851.13
8218000 2855.41
8220000 2850.81
8222000 2851.95
8224000 2853.22
8226000 2850.66
8228000 2854.22
8230000 2849.5
8232000 2847.9
8234000 2852.24
8236000 2847.45
8238000 2844.84
8240000 2849.32
8242000 2854.49
8244000 2857.23
8246000 2857.78
8248000 2863.01
8250000 2860.88
8252000 2861.02
8254000 2861.43
8256000 2857.59
8258000 2853.62
8260000 2855.15
8262000 2861.16
8264000 2869.21
8266000 2876.39
8268000 2879.19
8270000 2885.98
8272000 2886.34
8274000 2892.64
8276000 2892.46
8278000 2888.91
8280000 2883.02
8282000 2882.78
8284000 2884.2
8286000 2880.36
8288000 2881.69
8290000 2880.72
8292000 2882.62
8294000 2881.51
8296000 2885.27
8298000 2882.59
8300000 2887.74
8302000 2884.14
8304000 2881.14
8306000 2883.64
8308000 2879.74
8310000 2886.49
8312000 2888.15
8314000 2889.94
8316000 2885.32
8318000 2885.69
8320000 2890.42
8322000 2892.83
8324000 2890.8
8326000 2887.89
8328000 2891.16
8330000 2891.27
8332000 2894.94
8334000 2900.07
8336000 2898.18
8338000 2897.87
8340000 2897.42
8342000 2904.15
8344000 2899.67
8346000 2901.85
8348000 2900.32
8350000 2905.14
8352000 2903.15
8354000 2902.46
8356000 2903.98
8358000 2902.54
8360000 2898.16
8362000 2903.31
8364000 2904.09
8366000 2908.96
8368000 2906.89
8370000 2914.6
8372000 2917.4
8374000 2917.64
8376000 2919.28
8378000 2912.76
8380000 2911.56
8382000 2913.27
8384000 2912.52
8386000 2918.79
8388000 2922.47
8390000 2925.71
8392000 2923.85
8394000 2926.13
8396000 2922.34
8398000 2925.07
8400000 2928.09
8402000 2925.15
8404000 2916.89
8406000 2923.06
8408000 2928.18
8410000 2923.75
8412000 2923.38
8414000 2928.08
8416000 2927.69
8418000 2924.91
8420000 2926.06
8422000 2921.54
8424000 2920.63
8426000 2928.79
8428000 2923.34
8430000 2922.15
8432000 2923.37
8434000 2918.75
8436000 2917.67
8438000 2918.78
8440000 2917.38
8442000 2918.24
8444000 2916.34
8446000 2912.94
8448000 2914.46
8450000 2922.89
8452000 2923.42
8454000 2928.61
8456000 2925.99
8458000 2923.9
8460000 2934.89
8462000 2930.86
8464000 2924.29
8466000 2918.24
8468000 2920.27
8470000 2918.08
8472000 2924.25
8474000 2925.18
8476000 2924.61
8478000 2921.87
8480000 2929.69
8482000 2935.21
8484000 2936.21
8486000 2939.72
8488000 2941.33
8490000 2937.44
8492000 2944.86
8494000 2944.93
8496000 2940.82
8498000 2947.84
8500000 2949.91
8502000 2950.6
8504000 2952.38
8506000 2954.03
8508000 2958.23
8510000 2956.6
8512000 2962.01
8514000 2961.36
8516000 2952.02
8518000 2948.33
8520000 2950.56
8522000 2947.87
8524000 2947.41
8526000 2952.45
8528000 2959.43
8530000 2958.51
8532000 2955.71
8534000 2953.52
8536000 2947.23
8538000 2954.97
8540000 2958.46
8542000 2955.67
8544000 2960.71
8546000 2966.57
8548000 2966.69
8550000 2965.11
8552000 2969.1
8554000 2970.8
8556000 2973.62
8558000 2973.07
8560000 2973.65
8562000 2973.44
8564000 2976.57
8566000 2981.62
8568000 2984.83
8570000 2987.09
8572000 2991.43
8574000 2993.31
8576000 2995.38
8578000 2999.45
8580000 3003.9
8582000 3001.49
8584000 3006.2
8586000 3001.65
8588000 3001.28
8590000 3006.79
8592000 3003.96
8594000 3004.65
8596000 3000.86
8598000 2997.95
8600000 2999.73
8602000 2998.51
8604000 2994.1
8606000 2992.63
8608000 2988.15
8610000 2990.92
8612000 2997.04
8614000 2996.52
8616000 2995.48
8618000 3001.33
8620000 3007.6
8622000 3013.89
8624000 3012.2
8626000 3013.12
8628000 3016.83
8630000 3022.82
8632000 3025.47
8634000 3022.52
8636000 3021.12
8638000 3022.99
8640000 3020.01
8642000 3022.09
8644000 3021.08
8646000 3022.47
8648000 3025.59
8650000 3028.86
8652000 3031.29
8654000 3030.34
8656000 3040.41
8658000 3048.87
8660000 3048.34
8662000 3045.82
8664000 3050.61
8666000 3053.98
8668000 3050.63
8670000 3042.61
8672000 3047.97
8674000 3049.1
8676000 3050.1
8678000 3039.52
8680000 3043.17
8682000 3045.55
8684000 3047.61
8686000 3049.26
8688000 3054.42
8690000 3056.17
8692000 3067.24
8694000 3064.89
8696000 3062.48
8698000 3058.43
8700000 3055
8702000 3052.37
8704000 3057.53
8706000 3056.65
8708000 3061.64
8710000 3056.92
8712000 3066.71
8714000 3066.48
8716000 3063.79
8718000 3065.85
8720000 3061.91
8722000 3066.59
8724000 3065.5
8726000 3074.6
8728000 3078.37
8730000 3080.14
8732000 3077.64
8734000 3080.91
8736000 3077.43
8738000 3075.43
8740000 3068.48
8742000 3075.34
8744000 3073.09
8746000 3070.48
8748000 3072.37
8750000 3073.5
8752000 3076.21
8754000 3080.91
8756000 3082.32
8758000 3079.51
8760000 3080.3
8762000 3074.41
8764000 3078.61
8766000 3082.72
8768000 3082.51
8770000 3080.64
8772000 3080.2
8774000 3080.95
8776000 3080.49
8778000 3084.83
8780000 3089.16
8782000 3093.8
8784000 3092.76
8786000 3099.53
8788000 3101.21
8790000 3102.87
8792000 3094.54
8794000 3089.89
8796000 3083.59
8798000 3079.33
8800000 3076.31
8802000 3082.69
8804000 3090.48
8806000 3097.83
8808000 3095.82
8810000 3099.36
8812000 3097.52
8814000 3100.45
8816000 3106.32
8818000 3104.32
8820000 3106.83
8822000 3109.29
8824000 3106.85
8826000 3108.82
8828000 3121.95
8830000 3122.29
8832000 3117.17
8834000 3114.27
8836000 3126.4
8838000 3130.07
8840000 3124.72
8842000 3117.57
8844000 3112.11
8846000 3107.49
8848000 3104.79
8850000 3106.43
8852000 3112.37
8854000 3119.4
8856000 3122.73
8858000 3119.08
8860000 3115.4
8862000 3115.89
8864000 3120.94
8866000 3130.67
8868000 3129.03
8870000 3124.19
8872000 3128.3
8874000 3124.93
8876000 3128.33
8878000 3127.86
8880000 3134.3
8882000 3135.44
8884000 3139.71
8886000 3139.57
8888000 3146.48
8890000 3142.33
8892000 3138.34
8894000 3140.38
8896000 3138.82
8898000 3137.43
8900000 3134.75
8902000 3136.44
8904000 3138.8
8906000 3139.85
8908000 3141.63
8910000 3148.43
8912000 3155.06
8914000 3149.46
8916000 3148.68
8918000 3149.88
8920000 3149.34
8922000 3154.48
8924000 3149.75
8926000 3155.12
8928000 3152.76
8930000 3153.1
8932000 3150.61
8934000 3145.52
8936000 3144.28
8938000 3143.85
8940000 3142.5
8942000 3143.8
8944000 3148.04
8946000 3150.32
8948000 3150.59
8950000 3147.69
8952000 3144.24
8954000 3143.89
8956000 3140.49
8958000 3144.7
8960000 3141.71
8962000 3136.28
8964000 3133.19
8966000 3134.48
8968000 3140.68
8970000 3137.09
8972000 3140.01
8974000 3142.88
8976000 3149.2
8978000 3149.64
8980000 3150.05
8982000 3149.17
8984000 3151.43
8986000 3156.99
8988000 3157.39
8990000 3156.21
8992000 3152.68
8994000 3150.34
8996000 3143.13
8998000 3143.82
9000000 3141.57
9002000 3142.32
9004000 3150.04
9006000 3150.56
9008000 3152.88
9010000 3159.71
9012000 3163.69
9014000 3162.86
9016000 3158.47
9018000 3160.61
9020000 3157.53
9022000 3153.95
9024000 3154.77
9026000 3158.73
9028000 3157.06
9030000 3158.1
9032000 3158.39
9034000 3160.01
9036000 3166.64
9038000 3173.07
9040000 3174.5
9042000 3174.03
9044000 3178.25
9046000 3175.76
9048000 3177.11
9050000 3177.58
9052000 3183.49
9054000 3185.87
9056000 3186.28
9058000 3184.54
9060000 3185.29
9062000 3183.4
9064000 3186.69
9066000 3187.74
9068000 3188.35
9070000 3192.91
9072000 3184.99
9074000 3188.74
9076000 3188.14
9078000 3183.47
9080000 3182.39
9082000 3179.33
9084000 3177.68
9086000 3178.74
9088000 3176.65
9090000 3182.31
9092000 3191.64
9094000 3191.32
9096000 3186.8
9098000 3183.46
9100000 3189.83
9102000 3190.86
9104000 3189.21
9106000 3184.71
9108000 3184.87
9110000 3187.46
9112000 3201.61
9114000 3209.59
9116000 3211.67
9118000 3215.77
9120000 3209.53
9122000 3214.73
9124000 3215.75
9126000 3219.22
9128000 3220.04
9130000 3216.05
9132000 3212.79
9134000 3217.38
9136000 3219.13
9138000 3223.76
9140000 3225.78
9142000 3232.12
9144000 3227.64
9146000 3225.33
9148000 3223.14
9150000 3224.39
9152000 3224.76
9154000 3227.85
9156000 3229.51
9158000 3226.6
9160000 3223.33
9162000 3226.67
9164000 3222.11
9166000 3218.6
9168000 3221.74
9170000 3220.09
9172000 3226.58
9174000 3232.63
9176000 3233.46
9178000 3232.82
9180000 3238.2
9182000 3237.18
9184000 3235.89
9186000 3230.34
9188000 3230.89
9190000 3227.31
9192000 3230.58
9194000 3226.09
9196000 3226.69
9198000 3222.74
9200000 3224.36
9202000 3228.12
9204000 3228
9206000 3233.57
9208000 3243.55
9210000 3244.37
9212000 3239.47
9214000 3232.31
9216000 3231.27
9218000 3228.08
9220000 3225.59
9222000 3223.95
9224000 3224.75
9226000 3225.55
9228000 3227.17
9230000 3230.29
9232000 3238.07
9234000 3235.5
9236000 3238.11
9238000 3244.07
9240000 3252.51
9242000 3255.81
9244000 3257.39
9246000 3253.15
9248000 3247.67
9250000 3249.67
9252000 3252.64
9254000 3241.5
9256000 3239.74
9258000 3233.5
9260000 3230.71
9262000 3231.24
9264000 3239.23
9266000 3240.5
9268000 3240.82
9270000 3240.53
9272000 3235.96
9274000 3231.85
9276000 3224.28
9278000 3219.63
9280000 3218.5
9282000 3225.77
9284000 3221.89
9286000 3220.96
9288000 3225.62
9290000 3217.91
9292000 3213.5
9294000 3219.6
9296000 3226.25
9298000 3224.33
9300000 3229.27
9302000 3226.16
9304000 3226.81
9306000 3229.55
9308000 3227.29
9310000 3224.73
9312000 3223.14
9314000 3222.75
9316000 3220.87
9318000 3214.66
9320000 3220.75
9322000 3219.36
9324000 3222.06
9326000 3231.89
9328000 3228.55
9330000 3225.47
9332000 3225.1
9334000 3227.67
9336000 3235.49
9338000 3232.82
9340000 3235.41
9342000 3239.35
9344000 3238.46
9346000 3239.66
9348000 3241.05
9350000 3243.31
9352000 3239.36
9354000 3243.95
9356000 3245.2
9358000 3252.51
9360000 3259.44
9362000 3259.68
9364000 3254.3
9366000 3252.34
9368000 3250.58
9370000 3254.56
9372000 3253.64
9374000 3247.64
9376000 3247.61
9378000 3254.18
9380000 3256.19
9382000 3258.16
9384000 3258.35
9386000 3264.44
9388000 3257.87
9390000 3253.69
9392000 3252.02
9394000 3258.08
9396000 3260.43
9398000 3254.19
9400000 3251.14
9402000 3249.91
9404000 3253.14
9406000 3252.56
9408000 3254.4
9410000 3250.6
9412000 3249.92
9414000 3248.64
9416000 3255.65
9418000 3259.45
9420000 3263.34
9422000 3266.84
9424000 3267.48
9426000 3267.23
9428000 3264.7
9430000 3263.83
9432000 3261.43
9434000 3257.39
9436000 3261.78
9438000 3263.26
9440000 3260.39
9442000 3254.31
9444000 3252.23
9446000 3251.45
9448000 3252.41
9450000 3250.55
9452000 3252.5
9454000 3257.96
9456000 3265.33
9458000 3264.6
9460000 3264.49
9462000 3275.29
9464000 3274.8
9466000 3280.16
9468000 3277.84
9470000 3281.07
9472000 3281.11
9474000 3275.28
9476000 3271.63
9478000 3272.89
9480000 3277.99
9482000 3273.03
9484000 3273.04
9486000 3269.2
9488000 3264.59
9490000 3271.15
9492000 3268.97
9494000 3269.07
9496000 3271.98
9498000 3274.13
9500000 3273.62
9502000 3273.01
9504000 3274.4
9506000 3279.67
9508000 3273.34
9510000 3276.88
9512000 3279.82
9514000 3282.4
9516000 3286.07
9518000 3288.11
9520000 3292.33
9522000 3288.54
9524000 3284.77
9526000 3288.15
9528000 3282.08
9530000 3276.07
9532000 3281.8
9534000 3282.74
9536000 3282.02
9538000 3279.86
9540000 3278.06
9542000 3274.53
9544000 3273.63
9546000 3272.61
9548000 3269.23
9550000 3264.83
9552000 3273.44
9554000 3275.24
9556000 3277.92
9558000 3277.96
9560000 3273.82
9562000 3274.63
9564000 3276.37
9566000 3273.89
9568000 3273.51
9570000 3274.42
9572000 3289.12
9574000 3284.6
9576000 3279.72
9578000 3275.34
9580000 3275.54
9582000 3272.23
9584000 3268.19
9586000 3274.11
9588000 3280.36
9590000 3285.27
9592000 3288.4
9594000 3282.03
9596000 3283.55
9598000 3284.33
9600000 3276.37
9602000 3272.88
9604000 3275.84
9606000 3280.48
9608000 3284.94
9610000 3284.83
9612000 3286.4
9614000 3294.59
9616000 3293.6
9618000 3288.71
9620000 3294.04
9622000 3300.08
9624000 3293.06
9626000 3300.48
9628000 3305.59
9630000 3299.91
9632000 3295.84
9634000 3300.06
9636000 3306.29
9638000 3311.62
9640000 3307.96
9642000 3301.33
9644000 3300.61
9646000 3305.76
9648000 3308.38
9650000 3307.39
9652000 3312.14
9654000 3311.83
9656000 3312.6
9658000 3321.75
9660000 3328.24
9662000 3324.82
9664000 3326.85
9666000 3326
9668000 3326.82
9670000 3330.97
9672000 3335.78
9674000 3336.53
9676000 3338.25
9678000 3341.79
9680000 3342.93
9682000 3337.65
9684000 3332.47
9686000 3337.48
9688000 3341.83
9690000 3337.13
9692000 3335.38
9694000 3335.58
9696000 3335.57
9698000 3328.75
9700000 3330.8
9702000 3328.22
9704000 3324.27
9706000 3326.59
9708000 3325.16
9710000 3324.47
9712000 3322.68
9714000 3328.06
9716000 3330.17
9718000 3339.44
9720000 3350
9722000 3358.25
9724000 3352.9
9726000 3350.05
9728000 3350.15
9730000 3347.89
9732000 3347.67
9734000 3339.05
9736000 3337.79
9738000 3332.97
9740000 3335.46
9742000 3342.93
9744000 3345.1
9746000 3345.94
9748000 3355.88
9750000 3351.64
9752000 3352.92
9754000 3349.96
9756000 3355.45
9758000 3356.72
9760000 3356.64
9762000 3346.98
9764000 3344.4
9766000 3344.37
9768000 3346.78
9770000 3351.76
9772000 3354.23
9774000 3357.08
9776000 3354.52
9778000 3360.81
9780000 3363.04
9782000 3371.91
9784000 3377.63
9786000 3380.43
9788000 3381.43
9790000 3376.89
9792000 3378.28
9794000 3379.74
9796000 3376.61
9798000 3376.98
9800000 3380.2
9802000 3378.31
9804000 3373.64
9806000 3371.97
9808000 3371.89
9810000 3371.47
9812000 3367.98
9814000 3368.07
9816000 3368.81
9818000 3366.45
9820000 3363.96
9822000 3365.94
9824000 3370.73
9826000 3374.91
9828000 3367.23
9830000 3373.88
9832000 3377.3
9834000 3375.19
9836000 3376.41
9838000 3372
9840000 3382.92
9842000 3389.71
9844000 3384.32
9846000 3388.82
9848000 3390.82
9850000 3389.36
9852000 3381.92
9854000 3391.17
9856000 3393.8
9858000 3391.23
9860000 3383.94
9862000 3393.06
9864000 3405.06
9866000 3406.51
9868000 3402.09
9870000 3401.52
9872000 3402.55
9874000 3398.51
9876000 3402.06
9878000 3406.69
9880000 3408.02
9882000 3406.87
9884000 3409.05
9886000 3409.5
9888000 3405.53
9890000 3399.44
9892000 3399.94
9894000 3398.06
9896000 3401.04
9898000 3396.33
9900000 3386.85
9902000 3392.59
9904000 3398.14
9906000 3400.86
9908000 3398
9910000 3401.04
9912000 3400.23
9914000 3401.64
9916000 3405.96
9918000 3401.06
9920000 3398.31
9922000 3398.94
9924000 3406.09
9926000 3399.01
9928000 3398.19
9930000 3403.18
9932000 3403.35
9934000 3408.16
9936000 3410.51
9938000 3410.96
9940000 3409.85
9942000 3412.85
9944000 3415.86
9946000 3416.24
9948000 3418.38
9950000 3420.85
9952000 3426.76
9954000 3430.5
9956000 3431.17
9958000 3437.32
9960000 3436.22
9962000 3435.06
9964000 3430.85
9966000 3422.44
9968000 3418.87
9970000 3416.67
9972000 3413.28
9974000 3415.65
9976000 3418.19
9978000 3411.48
9980000 3408.5
9982000 3412.18
9984000 3414.27
9986000 3421.15
9988000 3419.02
9990000 3417.3
9992000 3420.51
9994000 3422.09
9996000 3412.58
9998000 3413.24
10000000 3418.65
10002000 3419.59
10004000 3421.77
10006000 3419.29
10008000 3418.87
10010000 3416.15
10012000 3417.99
10014000 3419.66
10016000 3421.7
10018000 3418.46
10020000 3420.14
10022000 3417.23
10024000 3422.47
10026000 3424.83
10028000 3425.32
10030000 3425.2
10032000 3433.01
10034000 3422.63
10036000 3420.52
10038000 3417.3
10040000 3418.52
10042000 3421.32
10044000 3422.12
10046000 3419.3
10048000 3422.35
10050000 3427.3
10052000 3431.22
10054000 3433.28
10056000 3436.01
10058000 3434.7
10060000 3446.47
10062000 3450.04
10064000 3446.99
10066000 3443
10068000 3446.54
10070000 3453.67
10072000 3458.05
10074000 3458.28
10076000 3459.31
10078000 3461.84
10080000 3456.95
10082000 3454.5
10084000 3454.54
10086000 3456.57
10088000 3457.61
10090000 3455.47
10092000 3459.88
10094000 3455.47
10096000 3450.71
10098000 3444.76
10100000 3443.62
10102000 3439.43
10104000 3442.61
10106000 3446.05
10108000 3445.32
10110000 3443.56
10112000 3453.29
10114000 3461.04
10116000 3461.7
10118000 3469.73
10120000 3466.48
10122000 3469.33
10124000 3467.86
10126000 3472.02
10128000 3466.96
10130000 3462.24
10132000 3459
10134000 3461.68
10136000 3462.89
10138000 3465.76
10140000 3469.33
10142000 3469.14
10144000 3469.18
10146000 3468.4
10148000 3464.72
10150000 3461.39
10152000 3463.43
10154000 3469.39
10156000 3472.3
10158000 3475.28
10160000 3474.56
10162000 3479.95
10164000 3486.62
10166000 3482.79
10168000 3482.35
10170000 3483.49
10172000 3483.35
10174000 3485.02
10176000 3484.4
10178000 3483.81
10180000 3485.63
10182000 3480.17
10184000 3478.51
10186000 3477.62
10188000 3478.17
10190000 3489.93
10192000 3492.33
10194000 3488.65
10196000 3481.18
10198000 3480.35
10200000 3482.22
10202000 3485.16
10204000 3484.14
10206000 3479.85
10208000 3482.52
10210000 3489.98
10212000 3496.95
10214000 3498.51
10216000 3489.64
10218000 3483.32
10220000 3486.76
10222000 3494.89
10224000 3499.66
10226000 3498.79
10228000 3491.54
10230000 3497.09
10232000 3504.25
10234000 3502.94
10236000 3498.89
10238000 3500.09
10240000 3503.74
10242000 3506.79
10244000 3509.28
10246000 3508.58
10248000 3506.61
10250000 3505.21
10252000 3502.27
10254000 3500.99
10256000 3502.33
10258000 3505.25
10260000 3499.9
10262000 3496.7
10264000 3493.32
10266000 3499.28
10268000 3495.39
10270000 3499.86
10272000 3503.85
10274000 3504.3
10276000 3501.96
10278000 3501.07
10280000 3503.54
10282000 3505.99
10284000 3502.66
10286000 3506.56
10288000 3516.67
10290000 3521.94
10292000 3518.24
10294000 3514.7
10296000 3514.06
10298000 3520.64
10300000 3522.69
10302000 3523.92
10304000 3519.6
10306000 3516.82
10308000 3522.36
10310000 3517.11
10312000 3516.14
10314000 3520.85
10316000 3523.33
10318000 3524.68
10320000 3531.29
10322000 3535.25
10324000 3532.26
10326000 3532.07
10328000 3525.62
10330000 3525.21
10332000 3528.09
10334000 3530
10336000 3527.07
10338000 3528.73
10340000 3531.21
10342000 3532.64
10344000 3532.81
10346000 3530.66
10348000 3530.6
10350000 3531.52
10352000 3532.53
10354000 3533.11
10356000 3534.79
10358000 3527.54
10360000 3525.91
10362000 3531.96
10364000 3528.75
10366000 3532.41
10368000 3537.23
10370000 3537.79
10372000 3542.48
10374000 3539.47
10376000 3542.3
10378000 3548.18
10380000 3553.99
10382000 3550.01
10384000 3545.14
10386000 3538.92
10388000 3542.19
10390000 3541.84
10392000 3543.14
10394000 3541.16
10396000 3546.25
10398000 3554.58
10400000 3559.8
10402000 3556.61
10404000 3556.22
10406000 3562.68
10408000 3562.03
10410000 3561.44
10412000 3559.06
10414000 3554.6
10416000 3551.98
10418000 3555.72
10420000 3552.71
10422000 3549.68
10424000 3553.34
10426000 3562.84
10428000 3566.06
10430000 3567.79
10432000 3570.92
10434000 3570.51
10436000 3576.64
10438000 3568.19
10440000 3567.06
10442000 3571.97
10444000 3579.28
10446000 3589.06
10448000 3597
10450000 3594.81
10452000 3594.17
10454000 3590.84
10456000 3595.4
10458000 3603.02
10460000 3607.62
10462000 3603.47
10464000 3610.1
10466000 3615.95
10468000 3615.2
10470000 3608.23
10472000 3605.92
10474000 3611.78
10476000 3607.4
10478000 3605.35
10480000 3606.53
10482000 3604.18
10484000 3604.93
10486000 3604.97
10488000 3601.91
10490000 3592.88
10492000 3592.26
10494000 3591.12
10496000 3588.23
10498000 3592.28
10500000 3586.22
10502000 3582.4
10504000 3585.22
10506000 3589.21
10508000 3591.01
10510000 3592.6
10512000 3598.87
10514000 3602.81
10516000 3606.78
10518000 3603.77
10520000 3601.32
10522000 3600.01
10524000 3597.91
10526000 3603.43
10528000 3609.49
10530000 3614.93
10532000 3613.53
10534000 3618.86
10536000 3627.25
10538000 3630.31
10540000 3626.86
10542000 3630.78
10544000 3634
10546000 3628.72
10548000 3629.22
10550000 3634.01
10552000 3645.91
10554000 3649.13
10556000 3651.41
10558000 3649.09
10560000 3646.57
10562000 3647.92
10564000 3644.19
10566000 3642.92
10568000 3642.18
10570000 3639.76
10572000 3641.17
10574000 3634.3
10576000 3652.17
10578000 3653.43
10580000 3653.4
10582000 3647.87
10584000 3646.71
10586000 3649.75
10588000 3646.38
10590000 3645.84
10592000 3644.76
10594000 3647.34
10596000 3649.3
10598000 3647.11
10600000 3646.64
10602000 3639.68
10604000 3637.43
10606000 3637.15
10608000 3631.18
10610000 3636.67
10612000 3640.34
10614000 3640.13
10616000 3642.69
10618000 3643.07
10620000 3650.06
10622000 3658.36
10624000 3656.21
10626000 3651.84
10628000 3647.52
10630000 3650.21
10632000 3648.03
10634000 3636.94
10636000 3638.86
10638000 3636.4
10640000 3630.27
10642000 3631.39
10644000 3634.84
10646000 3633.7
10648000 3637.78
10650000 3641.94
10652000 3649.55
10654000 3651.62
10656000 3647.1
10658000 3643.55
10660000 3653.48
10662000 3654.18
10664000 3664.86
10666000 3669.92
10668000 3674.58
10670000 3678.73
10672000 3681.08
10674000 3677.94
10676000 3669.31
10678000 3673.91
10680000 3676.31
10682000 3678.78
10684000 3684.09
10686000 3690.1
10688000 3686.59
10690000 3679.31
10692000 3682.17
10694000 3683.21
10696000 3682.24
10698000 3684.41
10700000 3682.17
10702000 3689.27
10704000 3696.95
10706000 3705.76
10708000 3715.05
10710000 3713.74
10712000 3713.02
10714000 3721.52
10716000 3717.78
10718000 3717.79
10720000 3708.62
10722000 3710.71
10724000 3704.63
10726000 3698.3
10728000 3698.96
10730000 3696.69
10732000 3698.22
10734000 3696.52
10736000 3699.35
10738000 3701.85
10740000 3708.45
10742000 3712.23
10744000 3712.1
10746000 3716.09
10748000 3714.76
10750000 3715.77
10752000 3715.07
10754000 3715.83
10756000 3717.24
10758000 3714.05
10760000 3700.99
10762000 3706.59
10764000 3705.95
10766000 3714.65
10768000 3726.23
10770000 3731.95
10772000 3724.45
10774000 3727.22
10776000 3723.75
10778000 3728.34
10780000 3726.02
10782000 3728.89
10784000 3729.94
10786000 3729.33
10788000 3729.45
10790000 3734.86
10792000 3733.82
10794000 3737.5
10796000 3731.49
10798000 3727.97
10800000 3732.41
10802000 3732.58
10804000 3727.15
10806000 3725.13
10808000 3729.54
10810000 3737.48
10812000 3739.61
10814000 3739.52
10816000 3743.48
10818000 3744.68
10820000 3750.54
10822000 3749.26
10824000 3746.73
10826000 3733.37
10828000 3731.34
10830000 3738.09
10832000 3743
10834000 3750.39
10836000 3756.29
10838000 3748.59
10840000 3741.76
10842000 3738.35
10844000 3730.61
10846000 3727.57
10848000 3727.6
10850000 3730.74
10852000 3733.61
10854000 3735.2
10856000 3737.04
10858000 3743.24
10860000 3742.92
10862000 3740.46
10864000 3741.53
10866000 3738.92
10868000 3740
10870000 3736.96
10872000 3735.95
10874000 3732.4
10876000 3726.67
10878000 3731.37
10880000 3739.69
10882000 3737.75
10884000 3736.52
10886000 3735.54
10888000 3739.32
10890000 3736.76
10892000 3735.91
10894000 3745.52
10896000 3753.83
10898000 3754.29
10900000 3752.57
10902000 3749.14
10904000 3749.35
10906000 3757.3
10908000 3753.77
10910000 3753.67
10912000 3754.56
10914000 3758.02
10916000 3766.81
10918000 3763.53
10920000 3761.93
10922000 3766.57
10924000 3768.22
10926000 3771.5
10928000 3768.85
10930000 3769.24
10932000 3767.08
10934000 3765.85
10936000 3765.2
10938000 3765.09
10940000 3763.02
10942000 3764.99
10944000 3766.01
10946000 3767.19
10948000 3768.68
10950000 3769.7
10952000 3766.65
10954000 3765.03
10956000 3768.19
10958000 3766.59
10960000 3768.73
10962000 3765.96
10964000 3775.08
10966000 3783.15
10968000 3776.25
10970000 3772.28
10972000 3767.86
10974000 3762.44
10976000 3761.24
10978000 3768.49
10980000 3768.51
10982000 3768.21
10984000 3769.09
10986000 3780.95
10988000 3789.59
10990000 3787.13
10992000 3783.85
10994000 3786.05
10996000 3784.57
10998000 3781.8
11000000 3770.58
11002000 3775.04
11004000 3771.79
11006000 3766.01
11008000 3771.27
11010000 3774.06
11012000 3779.18
11014000 3780.19
11016000 3782.79
11018000 3786.88
11020000 3786.62
11022000 3783.78
11024000 3780.91
11026000 3781.78
11028000 3782.26
11030000 3790.23
11032000 3786.54
11034000 3780.21
11036000 3786.05
11038000 3791.24
11040000 3787.76
11042000 3789.23
11044000 3792.91
11046000 3783.19
11048000 3784.71
11050000 3780.57
11052000 3784.09
11054000 3776.93
11056000 3781.46
11058000 3795.66
11060000 3795.9
11062000 3794.72
11064000 3798.22
11066000 3800.03
11068000 3802.34
11070000 3807.43
11072000 3810.21
11074000 3801.68
11076000 3798.38
11078000 3802.85
11080000 3800.87
11082000 3804.92
11084000 3810.66
11086000 3813.29
11088000 3812.56
11090000 3816.23
11092000 3815.78
11094000 3810.38
11096000 3804.38
11098000 3796.4
11100000 3791.73
11102000 3790.36
11104000 3785.04
11106000 3781.47
11108000 3782.64
11110000 3786.85
11112000 3789.2
11114000 3788.28
11116000 3786.11
11118000 3793.11
11120000 3792.09
11122000 3804.35
11124000 3806.58
11126000 3807.12
11128000 3819.2
11130000 3817.89
11132000 3815.04
11134000 3814.67
11136000 3815.26
11138000 3810.96
11140000 3814.28
11142000 3827.5
11144000 3830.94
11146000 3821.6
11148000 3821.59
11150000 3821.23
11152000 3818.46
11154000 3820.85
11156000 3816.25
11158000 3819.5
11160000 3825.69
11162000 3825.22
11164000 3827.76
11166000 3835.33
11168000 3843.08
11170000 3843.89
11172000 3846.66
11174000 3850.89
11176000 3846.88
11178000 3844.31
11180000 3839.2
11182000 3844.28
11184000 3839.83
11186000 3839.81
11188000 3839.6
11190000 3845.88
11192000 3853.54
11194000 3847.63
11196000 3839.58
11198000 3834.5
11200000 3831.24
11202000 3841.47
11204000 3843.33
11206000 3845.1
11208000 3844.65
11210000 3840.51
11212000 3846.42
11214000 3849.38
11216000 3850.47
11218000 3851.19
11220000 3850.88
11222000 3844.44
11224000 3850.31
11226000 3849.51
11228000 3852.54
11230000 3851.13
11232000 3858.11
11234000 3849.5
11236000 3847.88
11238000 3849.09
11240000 3854.67
11242000 3858.33
11244000 3850.3
11246000 3848.76
11248000 3854.44
11250000 3854.61
11252000 3855.92
11254000 3862.82
11256000 3858.39
11258000 3853.79
11260000 3856.6
11262000 3852.88
11264000 3854.13
11266000 3850.74
11268000 3852.83
11270000 3858.51
11272000 3858.4
11274000 3853.88
11276000 3847.87
11278000 3842.34
11280000 3846.93
11282000 3847.43
11284000 3838.49
11286000 3838.13
11288000 3840.6
11290000 3842.14
11292000 3843.58
11294000 3848.99
11296000 3849.4
11298000 3852.59
11300000 3845.7
11302000 3849.08
11304000 3855.41
11306000 3854
11308000 3846.41
11310000 3840.48
11312000 3838.87
11314000 3846.72
11316000 3845.54
11318000 3845.21
11320000 3841.95
11322000 3843.28
11324000 3845
11326000 3837.57
11328000 3845.13
11330000 3847.49
11332000 3847.14
11334000 3846.24
11336000 3843.31
11338000 3845.64
11340000 3844.72
11342000 3848.17
11344000 3850.06
11346000 3847.95
11348000 3852.05
11350000 3852.83
11352000 3855.77
11354000 3854.79
11356000 3853.77
11358000 3851.77
11360000 3855.87
11362000 3851.89
11364000 3854.68
11366000 3862.56
11368000 3859.89
11370000 3861.52
11372000 3859.42
11374000 3865.4
11376000 3859.37
11378000 3862.7
11380000 3864
11382000 3870.46
11384000 3867.47
11386000 3869.8
11388000 3865.69
11390000 3862.04
11392000 3864.69
11394000 3870.76
11396000 3871.93
11398000 3879.75
11400000 3883.32
11402000 3890.15
11404000 3893.89
11406000 3895.42
11408000 3901.06
11410000 3901.8
11412000 3897.42
11414000 3893.95
11416000 3892.65
11418000 3888.22
11420000 3878.27
11422000 3872.79
11424000 3873.81
11426000 3868.57
11428000 3871.06
11430000 3881.7
11432000 3883.98
11434000 3880.86
11436000 3883.49
11438000 3890.05
11440000 3887.95
11442000 3887.46
11444000 3880.57
11446000 3883.88
11448000 3897.15
11450000 3895.13
11452000 3898.17
11454000 3900.1
11456000 3899.19
11458000 3903.22
11460000 3896.77
11462000 3894.27
11464000 3895.14
11466000 3900.14
11468000 3901.55
11470000 3912.18
11472000 3911.76
11474000 3913.81
11476000 3911.12
11478000 3912.26
11480000 3924.14
11482000 3923.08
